applied voltage (volts)	measured current (nanoamps)	measured temperature (deg C)
-4.000000E+0	2.948917E+3
-3.990000E+0	1.377109E+2
-3.980000E+0	3.334587E+2
-3.970000E+0	-1.387151E+3
-3.960000E+0	-3.194687E+4
-3.950000E+0	-4.833299E+3
-3.940000E+0	2.389639E+3
-3.930000E+0	-9.940051E+2
-3.920000E+0	8.499739E+2
-3.910000E+0	4.282965E+3
-3.900000E+0	1.598423E+3
-3.890000E+0	1.785948E+3
-3.880000E+0	5.802039E+2
-3.870000E+0	1.889574E+3
-3.860000E+0	2.325485E+3
-3.850000E+0	-1.749033E+3
-3.840000E+0	7.660833E+2
-3.830000E+0	-2.916131E+2
-3.820000E+0	-1.938198E+3
-3.810000E+0	-1.943134E+3
-3.800000E+0	7.611500E+2
-3.790000E+0	-3.502539E+3
-3.780000E+0	-3.111043E+3
-3.770000E+0	3.899697E+3
-3.760000E+0	-2.296714E+4
-3.750000E+0	-3.112695E+3
-3.740000E+0	5.373556E+3
-3.730000E+0	8.976692E+2
-3.720000E+0	-5.745533E+2
-3.710000E+0	2.563996E+3
-3.700000E+0	-1.303261E+3
-3.690000E+0	1.433729E+1
-3.680000E+0	3.680011E+2
-3.670000E+0	1.303972E+3
-3.660000E+0	-1.031845E+3
-3.650000E+0	-2.814960E+3
-3.640000E+0	-7.719426E+2
-3.630000E+0	1.440503E+3
-3.620000E+0	1.327760E+2
-3.610000E+0	1.422408E+3
-3.600000E+0	-3.475476E+2
-3.590000E+0	-2.640596E+3
-3.580000E+0	-4.150652E+3
-3.570000E+0	5.588158E+2
-3.560000E+0	-2.928461E+3
-3.550000E+0	-3.022222E+3
-3.540000E+0	-1.429921E+3
-3.530000E+0	2.379765E+3
-3.520000E+0	-4.857222E+2
-3.510000E+0	-2.173433E+3
-3.500000E+0	7.973329E+2
-3.490000E+0	-2.247456E+3
-3.480000E+0	-2.826474E+3
-3.470000E+0	8.631290E+2
-3.460000E+0	-6.074484E+2
-3.450000E+0	-2.932643E+2
-3.440000E+0	1.864898E+3
-3.430000E+0	-3.887462E+3
-3.420000E+0	-5.270853E+3
-3.410000E+0	-1.865824E+3
-3.400000E+0	-7.225892E+2
-3.390000E+0	-1.536833E+3
-3.380000E+0	-1.587828E+3
-3.370000E+0	-7.883879E+2
-3.360000E+0	-6.925662E+3
-3.350000E+0	-8.821469E+2
-3.340000E+0	-1.721068E+3
-3.330000E+0	-5.145195E+1
-3.320000E+0	3.180857E+3
-3.310000E+0	2.446372E+2
-3.300000E+0	-2.765604E+3
-3.290000E+0	1.226666E+3
-3.280000E+0	-6.014364E+3
-3.270000E+0	-1.007079E+4
-3.260000E+0	-9.804313E+3
-3.250000E+0	-6.172283E+3
-3.240000E+0	-5.019178E+3
-3.230000E+0	7.545669E+2
-3.220000E+0	-5.478119E+3
-3.210000E+0	-5.103075E+3
-3.200000E+0	-1.543423E+3
-3.190000E+0	-1.003885E+3
-3.180000E+0	-1.018688E+3
-3.170000E+0	-3.298577E+3
-3.160000E+0	-5.159005E+3
-3.150000E+0	-4.978063E+3
-3.140000E+0	-3.831541E+3
-3.130000E+0	2.741647E+3
-3.120000E+0	-1.373998E+3
-3.110000E+0	2.638014E+3
-3.100000E+0	9.206967E+2
-3.090000E+0	-3.111056E+3
-3.080000E+0	2.583731E+3
-3.070000E+0	6.640854E+2
-3.060000E+0	-4.795475E+3
-3.050000E+0	-2.926820E+3
-3.040000E+0	4.212225E+3
-3.030000E+0	-7.735941E+2
-3.020000E+0	-3.020584E+3
-3.010000E+0	9.733322E+2
-3.000000E+0	-3.837439E+2
-2.990000E+0	1.179639E+2
-2.980000E+0	-3.327515E+2
-2.970000E+0	9.387883E+2
-2.960000E+0	-2.159591E+2
-2.950000E+0	1.493135E+3
-2.940000E+0	1.529324E+3
-2.930000E+0	-1.370710E+3
-2.920000E+0	-7.226020E+2
-2.910000E+0	-3.576576E+3
-2.900000E+0	1.958653E+3
-2.890000E+0	1.127956E+3
-2.880000E+0	7.298799E+2
-2.870000E+0	-1.254894E+2
-2.860000E+0	2.412657E+3
-2.850000E+0	-3.097229E+2
-2.840000E+0	-5.992313E+2
-2.830000E+0	1.549060E+3
-2.820000E+0	2.199498E+2
-2.810000E+0	-3.079803E+3
-2.800000E+0	-1.591132E+3
-2.790000E+0	4.437578E+3
-2.780000E+0	-4.807963E+2
-2.770000E+0	-5.301441E+2
-2.760000E+0	1.955362E+3
-2.750000E+0	-2.729430E+3
-2.740000E+0	-8.788712E+2
-2.730000E+0	-9.183491E+2
-2.720000E+0	-5.449484E+2
-2.710000E+0	-2.192496E+2
-2.700000E+0	1.868180E+3
-2.690000E+0	7.479764E+2
-2.680000E+0	-2.974528E+3
-2.670000E+0	-2.133962E+3
-2.660000E+0	5.620965E+2
-2.650000E+0	8.088377E+2
-2.640000E+0	1.130288E+2
-2.630000E+0	1.083543E+3
-2.620000E+0	5.440014E+2
-2.610000E+0	-4.413191E+2
-2.600000E+0	-2.383992E+3
-2.590000E+0	-1.525334E+3
-2.580000E+0	1.557970E+2
-2.570000E+0	1.573733E+3
-2.560000E+0	2.080376E+3
-2.550000E+0	1.980036E+3
-2.540000E+0	-4.742172E+2
-2.530000E+0	-2.354385E+3
-2.520000E+0	1.445428E+3
-2.510000E+0	2.220196E+3
-2.500000E+0	4.107627E+2
-2.490000E+0	1.157563E+3
-2.480000E+0	-2.140543E+3
-2.470000E+0	-9.101266E+2
-2.460000E+0	-1.976050E+3
-2.450000E+0	-1.025272E+3
-2.440000E+0	-8.147193E+2
-2.430000E+0	1.878047E+3
-2.420000E+0	1.516161E+3
-2.410000E+0	8.828597E+2
-2.400000E+0	2.289286E+3
-2.390000E+0	-1.879966E+2
-2.380000E+0	-2.665278E+3
-2.370000E+0	-8.986108E+2
-2.360000E+0	1.303965E+3
-2.350000E+0	1.244748E+3
-2.340000E+0	-2.349450E+3
-2.330000E+0	-2.291203E+2
-2.320000E+0	2.211973E+3
-2.310000E+0	-8.097845E+2
-2.300000E+0	-3.336415E+3
-2.290000E+0	3.248287E+3
-2.280000E+0	4.962986E+2
-2.270000E+0	-2.280360E+3
-2.260000E+0	-1.221983E+2
-2.250000E+0	1.670788E+3
-2.240000E+0	7.463305E+2
-2.230000E+0	-1.026915E+3
-2.220000E+0	-1.781945E+3
-2.210000E+0	-5.475577E+1
-2.200000E+0	-7.670154E+2
-2.190000E+0	1.716847E+3
-2.180000E+0	6.871122E+2
-2.170000E+0	-2.438275E+3
-2.160000E+0	-6.419983E+2
-2.150000E+0	-3.115991E+3
-2.140000E+0	-1.675022E+3
-2.130000E+0	8.071932E+2
-2.120000E+0	-2.727784E+3
-2.110000E+0	-1.331231E+3
-2.100000E+0	-3.124215E+3
-2.090000E+0	-2.328065E+3
-2.080000E+0	1.397728E+3
-2.070000E+0	6.344748E+2
-2.060000E+0	-4.511874E+2
-2.050000E+0	6.697011E+1
-2.040000E+0	4.140527E+2
-2.030000E+0	2.156044E+3
-2.020000E+0	-3.949977E+3
-2.010000E+0	-7.555021E+2
-2.000000E+0	-6.666757E+2
-1.990000E+0	-1.745756E+3
-1.980000E+0	9.124680E+2
-1.970000E+0	1.955363E+3
-1.960000E+0	-3.440046E+3
-1.950000E+0	-1.479276E+3
-1.940000E+0	3.302569E+3
-1.930000E+0	-2.587283E+2
-1.920000E+0	-1.564811E+3
-1.910000E+0	-2.185678E+1
-1.900000E+0	3.729292E+2
-1.890000E+0	2.002094E+2
-1.880000E+0	-2.028686E+3
-1.870000E+0	-2.645539E+3
-1.860000E+0	1.327687E+2
-1.850000E+0	-2.020461E+3
-1.840000E+0	3.215388E+3
-1.830000E+0	-8.459733E+2
-1.820000E+0	1.823768E+3
-1.810000E+0	1.784294E+3
-1.800000E+0	-2.721199E+3
-1.790000E+0	-9.101217E+2
-1.780000E+0	1.695465E+3
-1.770000E+0	-2.061583E+3
-1.760000E+0	-2.216207E+3
-1.750000E+0	-9.923705E+2
-1.740000E+0	2.167562E+3
-1.730000E+0	-5.317860E+2
-1.720000E+0	-1.849386E+3
-1.710000E+0	-6.436428E+2
-1.700000E+0	-9.094483E+1
-1.690000E+0	3.959597E+2
-1.680000E+0	4.583981E+3
-1.670000E+0	1.149343E+3
-1.660000E+0	-2.829769E+3
-1.650000E+0	6.953383E+2
-1.640000E+0	2.185657E+3
-1.630000E+0	-4.939550E+2
-1.620000E+0	2.822247E+3
-1.610000E+0	-1.479274E+3
-1.600000E+0	-5.531720E+2
-1.590000E+0	1.739877E+3
-1.580000E+0	1.673125E+2
-1.570000E+0	-2.420180E+3
-1.560000E+0	2.906139E+3
-1.550000E+0	-1.142060E+3
-1.540000E+0	-1.424991E+3
-1.530000E+0	1.226654E+3
-1.520000E+0	-4.454972E+3
-1.510000E+0	-5.433033E+2
-1.500000E+0	4.488576E+3
-1.490000E+0	-2.455647E+2
-1.480000E+0	-3.398919E+3
-1.470000E+0	4.229855E+1
-1.460000E+0	-2.472052E+2
-1.450000E+0	-7.571387E+2
-1.440000E+0	-2.603695E+2
-1.430000E+0	-3.201525E+3
-1.420000E+0	-2.803450E+3
-1.410000E+0	2.707105E+3
-1.400000E+0	-6.666707E+2
-1.390000E+0	-1.538488E+3
-1.380000E+0	5.012391E+2
-1.370000E+0	-3.007729E+1
-1.360000E+0	-2.584672E+3
-1.350000E+0	-2.638955E+3
-1.340000E+0	2.799221E+3
-1.330000E+0	-2.341221E+3
-1.320000E+0	1.942206E+3
-1.310000E+0	3.840469E+3
-1.300000E+0	-2.472818E+3
-1.290000E+0	-2.017169E+3
-1.280000E+0	-1.961243E+3
-1.270000E+0	-4.096377E+3
-1.260000E+0	-3.261704E+2
-1.250000E+0	-2.192478E+2
-1.240000E+0	-1.989206E+3
-1.230000E+0	1.160856E+3
-1.220000E+0	-2.166857E+3
-1.210000E+0	-9.644056E+2
-1.200000E+0	-2.455648E+2
-1.190000E+0	-1.091061E+3
-1.180000E+0	-2.982741E+3
-1.170000E+0	-2.522154E+3
-1.160000E+0	2.184024E+3
-1.150000E+0	2.758909E+2
-1.140000E+0	-1.830450E+2
-1.130000E+0	-7.637105E+2
-1.120000E+0	-1.242388E+3
-1.110000E+0	-6.090857E+2
-1.100000E+0	1.424062E+3
-1.090000E+0	-3.294470E+2
-1.080000E+0	-1.087767E+3
-1.070000E+0	2.823900E+3
-1.060000E+0	1.048141E+2
-1.050000E+0	4.518963E+2
-1.040000E+0	-2.850376E+2
-1.030000E+0	-4.939442E+2
-1.020000E+0	-2.979452E+3
-1.010000E+0	-2.268837E+3
-1.000000E+0	2.820612E+3
-9.900000E-1	-1.272003E+3
-9.800000E-1	-2.795219E+3
-9.700000E-1	2.084424E+2
-9.600000E-1	1.322069E+3
-9.500000E-1	-1.824706E+3
-9.400000E-1	-2.129019E+3
-9.300000E-1	1.596773E+3
-9.200000E-1	-1.137118E+3
-9.100000E-1	-3.964772E+3
-9.000000E-1	3.959639E+2
-8.900000E-1	2.325483E+3
-8.800000E-1	7.743047E+2
-8.700000E-1	9.601796E+2
-8.600000E-1	-7.587815E+2
-8.500000E-1	2.749789E+1
-8.400000E-1	9.552423E+2
-8.300000E-1	4.239275E+2
-8.200000E-1	-4.824329E+2
-8.100000E-1	1.762909E+3
-8.000000E-1	-3.278145E+2
-7.900000E-1	-2.784671E+2
-7.800000E-1	4.189891E+2
-7.700000E-1	-4.137498E+3
-7.600000E-1	-5.274150E+3
-7.500000E-1	8.154201E+2
-7.400000E-1	1.174278E+0
-7.300000E-1	-2.510648E+3
-7.200000E-1	3.252301E+2
-7.100000E-1	-2.291176E+2
-7.000000E-1	-4.241129E+3
-6.900000E-1	1.965235E+3
-6.800000E-1	5.604560E+2
-6.700000E-1	-1.661857E+3
-6.600000E-1	-6.133037E+1
-6.500000E-1	-5.310770E+1
-6.400000E-1	-2.385633E+3
-6.300000E-1	-4.076629E+3
-6.200000E-1	2.833768E+3
-6.100000E-1	-1.436501E+3
-6.000000E-1	-3.449912E+3
-5.900000E-1	3.564848E+2
-5.800000E-1	-2.706398E+3
-5.700000E-1	-2.349774E+1
-5.600000E-1	-1.087775E+3
-5.500000E-1	-1.934921E+3
-5.400000E-1	1.624731E+3
-5.300000E-1	-2.555064E+3
-5.200000E-1	8.647706E+2
-5.100000E-1	1.736590E+3
-5.000000E-1	-6.058077E+2
-4.900000E-1	-9.167001E+2
-4.800000E-1	-1.755618E+3
-4.700000E-1	-1.206208E+3
-4.600000E-1	-1.938203E+3
-4.500000E-1	-2.398789E+3
-4.400000E-1	3.616759E+3
-4.300000E-1	-1.673367E+3
-4.200000E-1	1.465174E+3
-4.100000E-1	-1.207854E+3
-4.000000E-1	-1.711205E+3
-3.900000E-1	2.728490E+3
-3.800000E-1	5.226246E+2
-3.700000E-1	-1.076260E+3
-3.600000E-1	3.396334E+3
-3.500000E-1	-5.696197E+2
-3.400000E-1	-1.793455E+3
-3.300000E-1	-1.115739E+3
-3.200000E-1	-1.624027E+3
-3.100000E-1	1.415823E+3
-3.000000E-1	2.692995E+2
-2.900000E-1	1.881347E+3
-2.800000E-1	-8.985992E+2
-2.700000E-1	3.646373E+3
-2.600000E-1	-3.453191E+3
-2.500000E-1	9.223468E+2
-2.400000E-1	-1.681600E+3
-2.300000E-1	-2.558352E+3
-2.200000E-1	9.535995E+2
-2.100000E-1	1.748105E+3
-2.000000E-1	-1.059812E+3
-1.900000E-1	-2.288583E+3
-1.800000E-1	1.226657E+3
-1.700000E-1	-4.939489E+2
-1.600000E-1	4.058373E+2
-1.500000E-1	-4.265025E+2
-1.400000E-1	-1.836217E+3
-1.300000E-1	1.346746E+3
-1.200000E-1	-3.360306E+2
-1.100000E-1	1.827068E+3
-1.000000E-1	2.399507E+3
-9.000000E-2	-1.716139E+3
-8.000000E-2	1.759622E+3
-7.000000E-2	-1.364123E+3
-6.000000E-2	-1.245684E+3
-5.000000E-2	2.669278E+3
-4.000000E-2	-2.488507E+2
-3.000000E-2	-3.887458E+3
-2.000000E-2	3.572709E+1
-1.000000E-2	1.596777E+3
-4.099152E-14	1.554005E+3
1.000000E-2	1.335231E+3
2.000000E-2	-3.188358E+3
3.000000E-2	-1.536837E+3
4.000000E-2	2.628152E+3
5.000000E-2	4.052670E+3
6.000000E-2	1.373058E+3
7.000000E-2	-5.811329E+2
8.000000E-2	3.014709E+3
9.000000E-2	3.919425E+3
1.000000E-1	-1.254865E+2
1.100000E-1	1.549065E+3
1.200000E-1	1.328643E+3
1.300000E-1	-2.439214E+2
1.400000E-1	2.578796E+3
1.500000E-1	6.015082E+3
1.600000E-1	2.406079E+3
1.700000E-1	2.537674E+3
1.800000E-1	4.843881E+3
1.900000E-1	1.481622E+3
2.000000E-1	1.524390E+3
2.100000E-1	4.490220E+3
2.200000E-1	1.746458E+3
2.300000E-1	1.919177E+3
2.400000E-1	3.690778E+3
2.500000E-1	1.220075E+3
2.600000E-1	3.175912E+3
2.700000E-1	2.202105E+3
2.800000E-1	4.271441E+3
2.900000E-1	-2.225368E+2
3.000000E-1	1.741522E+3
3.100000E-1	4.087207E+3
3.200000E-1	3.433215E+2
3.300000E-1	3.371660E+3
3.400000E-1	3.116694E+3
3.500000E-1	3.304217E+3
3.600000E-1	2.795933E+3
3.700000E-1	-2.685940E+2
3.800000E-1	5.746956E+3
3.900000E-1	2.412660E+3
4.000000E-1	3.175911E+3
4.100000E-1	3.332180E+3
4.200000E-1	4.735314E+3
4.300000E-1	1.060516E+3
4.400000E-1	5.008376E+3
4.500000E-1	3.952323E+3
4.600000E-1	4.233608E+3
4.700000E-1	3.623337E+3
4.800000E-1	5.442644E+3
4.900000E-1	5.886775E+3
5.000000E-1	2.781128E+3
5.100000E-1	2.276130E+3
5.200000E-1	8.423277E+3
5.300000E-1	-5.169793E+2
5.400000E-1	5.612072E+3
5.500000E-1	5.238668E+3
5.600000E-1	2.162629E+3
5.700000E-1	4.304344E+3
5.800000E-1	1.935633E+3
5.900000E-1	6.988893E+3
6.000000E-1	1.973467E+3
6.100000E-1	4.991938E+3
6.200000E-1	4.442527E+3
6.300000E-1	1.955375E+3
6.400000E-1	2.529465E+3
6.500000E-1	8.748985E+3
6.600000E-1	4.455685E+3
6.700000E-1	1.154289E+3
6.800000E-1	4.363570E+3
6.900000E-1	4.810994E+3
7.000000E-1	3.516421E+3
7.100000E-1	6.046342E+3
7.200000E-1	2.151123E+3
7.300000E-1	6.924740E+3
7.400000E-1	4.774801E+3
7.500000E-1	6.612202E+3
7.600000E-1	4.403042E+3
7.700000E-1	2.513004E+3
7.800000E-1	5.931190E+3
7.900000E-1	6.240438E+3
8.000000E-1	4.246768E+3
8.100000E-1	6.900058E+3
8.200000E-1	1.088575E+4
8.300000E-1	3.845403E+3
8.400000E-1	5.593976E+3
8.500000E-1	3.458841E+3
8.600000E-1	4.687613E+3
8.700000E-1	7.215887E+3
8.800000E-1	7.352418E+3
8.900000E-1	2.276130E+3
9.000000E-1	6.546400E+3
9.100000E-1	5.551214E+3
9.200000E-1	5.802889E+3
9.300000E-1	1.488207E+3
9.400000E-1	6.284855E+3
9.500000E-1	6.089107E+3
9.600000E-1	9.100992E+3
9.700000E-1	5.510085E+3
9.800000E-1	5.421258E+3
9.900000E-1	1.044820E+4
1.000000E+0	5.440999E+3
1.010000E+0	9.378988E+3
1.020000E+0	8.041648E+3
1.030000E+0	8.469334E+3
1.040000E+0	4.562602E+3
1.050000E+0	8.949657E+3
1.060000E+0	9.244102E+3
1.070000E+0	6.370389E+3
1.080000E+0	7.572841E+3
1.090000E+0	9.874114E+3
1.100000E+0	8.303196E+3
1.110000E+0	6.701022E+3
1.120000E+0	6.276629E+3
1.130000E+0	7.130353E+3
1.140000E+0	8.227526E+3
1.150000E+0	9.793511E+3
1.160000E+0	4.274734E+3
1.170000E+0	8.767068E+3
1.180000E+0	8.665080E+3
1.190000E+0	8.566385E+3
1.200000E+0	1.163256E+4
1.210000E+0	8.290035E+3
1.220000E+0	8.880569E+3
1.230000E+0	9.990905E+3
1.240000E+0	9.410239E+3
1.250000E+0	1.005177E+4
1.260000E+0	7.064555E+3
1.270000E+0	6.727342E+3
1.280000E+0	5.677870E+3
1.290000E+0	9.834635E+3
1.300000E+0	7.344194E+3
1.310000E+0	7.738979E+3
1.320000E+0	8.556515E+3
1.330000E+0	7.449477E+3
1.340000E+0	1.074758E+4
1.350000E+0	1.191056E+4
1.360000E+0	6.954347E+3
1.370000E+0	1.066533E+4
1.380000E+0	1.114730E+4
1.390000E+0	1.137759E+4
1.400000E+0	1.093840E+4
1.410000E+0	8.834515E+3
1.420000E+0	9.352674E+3
1.430000E+0	1.168191E+4
1.440000E+0	7.896901E+3
1.450000E+0	1.326928E+4
1.460000E+0	9.053295E+3
1.470000E+0	9.586256E+3
1.480000E+0	1.375783E+4
1.490000E+0	1.195826E+4
1.500000E+0	8.077844E+3
1.510000E+0	1.123778E+4
1.520000E+0	1.070317E+4
1.530000E+0	1.335646E+4
1.540000E+0	9.671793E+3
1.550000E+0	9.754036E+3
1.560000E+0	1.404076E+4
1.570000E+0	8.656862E+3
1.580000E+0	1.226586E+4
1.590000E+0	9.018749E+3
1.600000E+0	1.292055E+4
1.610000E+0	1.351437E+4
1.620000E+0	1.286627E+4
1.630000E+0	1.188917E+4
1.640000E+0	1.396838E+4
1.650000E+0	9.574739E+3
1.660000E+0	1.284982E+4
1.670000E+0	1.096307E+4
1.680000E+0	1.453424E+4
1.690000E+0	1.113579E+4
1.700000E+0	9.916890E+3
1.710000E+0	1.556068E+4
1.720000E+0	1.479085E+4
1.730000E+0	1.332027E+4
1.740000E+0	1.497179E+4
1.750000E+0	1.219020E+4
1.760000E+0	1.237279E+4
1.770000E+0	1.481059E+4
1.780000E+0	1.420196E+4
1.790000E+0	9.563227E+3
1.800000E+0	1.609858E+4
1.810000E+0	1.585677E+4
1.820000E+0	1.423156E+4
1.830000E+0	1.283665E+4
1.840000E+0	1.223296E+4
1.850000E+0	1.357359E+4
1.860000E+0	1.686676E+4
1.870000E+0	1.240568E+4
1.880000E+0	1.154538E+4
1.890000E+0	1.450956E+4
1.900000E+0	1.485171E+4
1.910000E+0	1.215894E+4
1.920000E+0	1.293042E+4
1.930000E+0	1.513957E+4
1.940000E+0	1.154538E+4
1.950000E+0	1.227409E+4
1.960000E+0	1.892952E+4
1.970000E+0	1.522840E+4
1.980000E+0	1.672529E+4
1.990000E+0	1.437796E+4
2.000000E+0	1.394205E+4
2.010000E+0	1.097623E+4
2.020000E+0	1.841301E+4
2.030000E+0	1.481552E+4
2.040000E+0	1.255372E+4
2.050000E+0	1.673352E+4
2.060000E+0	1.822055E+4
2.070000E+0	1.225928E+4
2.080000E+0	1.189081E+4
2.090000E+0	1.755106E+4
2.100000E+0	1.312123E+4
2.110000E+0	1.330711E+4
2.120000E+0	1.604265E+4
2.130000E+0	1.660686E+4
2.140000E+0	1.337126E+4
2.150000E+0	1.907263E+4
2.160000E+0	1.593572E+4
2.170000E+0	1.417728E+4
2.180000E+0	1.712337E+4
2.190000E+0	1.850183E+4
2.200000E+0	1.386474E+4
2.210000E+0	1.553272E+4
2.220000E+0	1.697039E+4
2.230000E+0	1.554752E+4
2.240000E+0	1.587322E+4
2.250000E+0	2.113703E+4
2.260000E+0	1.631077E+4
2.270000E+0	1.377921E+4
2.280000E+0	1.802480E+4
2.290000E+0	1.597849E+4
2.300000E+0	1.324131E+4
2.310000E+0	1.528597E+4
2.320000E+0	1.850677E+4
2.330000E+0	1.617588E+4
2.340000E+0	1.738820E+4
2.350000E+0	1.699506E+4
2.360000E+0	1.804947E+4
2.370000E+0	1.658712E+4
2.380000E+0	1.441744E+4
2.390000E+0	1.841300E+4
2.400000E+0	1.513792E+4
2.410000E+0	1.832253E+4
2.420000E+0	2.012703E+4
2.430000E+0	1.829128E+4
2.440000E+0	1.451778E+4
2.450000E+0	2.056459E+4
2.460000E+0	1.838504E+4
2.470000E+0	1.631077E+4
2.480000E+0	2.119625E+4
2.490000E+0	1.909730E+4
2.500000E+0	1.495370E+4
2.510000E+0	2.004643E+4
2.520000E+0	1.723194E+4
2.530000E+0	1.496357E+4
2.540000E+0	2.040668E+4
2.550000E+0	1.977173E+4
2.560000E+0	1.639138E+4
2.570000E+0	1.814488E+4
2.580000E+0	1.895419E+4
2.590000E+0	1.615615E+4
2.600000E+0	1.640782E+4
2.610000E+0	2.200227E+4
2.620000E+0	1.853803E+4
2.630000E+0	1.570709E+4
2.640000E+0	2.041655E+4
2.650000E+0	1.890814E+4
2.660000E+0	1.813666E+4
2.670000E+0	2.093470E+4
2.680000E+0	1.793104E+4
2.690000E+0	1.944438E+4
2.700000E+0	2.153675E+4
2.710000E+0	1.646047E+4
2.720000E+0	2.158117E+4
2.730000E+0	1.944439E+4
2.740000E+0	2.027015E+4
2.750000E+0	2.020764E+4
2.760000E+0	1.797710E+4
2.770000E+0	1.894433E+4
2.780000E+0	2.213716E+4
2.790000E+0	2.156636E+4
2.800000E+0	1.910882E+4
2.810000E+0	1.788004E+4
2.820000E+0	2.183448E+4
2.830000E+0	2.018461E+4
2.840000E+0	1.775009E+4
2.850000E+0	2.163215E+4
2.860000E+0	2.234606E+4
2.870000E+0	1.711350E+4
2.880000E+0	2.264873E+4
2.890000E+0	2.266682E+4
2.900000E+0	1.865481E+4
2.910000E+0	1.978488E+4
2.920000E+0	2.138377E+4
2.930000E+0	2.185587E+4
2.940000E+0	1.760369E+4
2.950000E+0	2.035239E+4
2.960000E+0	2.170289E+4
2.970000E+0	1.945425E+4
2.980000E+0	1.914665E+4
2.990000E+0	2.189534E+4
3.000000E+0	2.304516E+4
3.010000E+0	2.006781E+4
3.020000E+0	2.088206E+4
3.030000E+0	2.228355E+4
3.040000E+0	1.753131E+4
3.050000E+0	2.283954E+4
3.060000E+0	2.010400E+4
3.070000E+0	2.045602E+4
3.080000E+0	2.104491E+4
3.090000E+0	2.052511E+4
3.100000E+0	2.014677E+4
3.110000E+0	2.108768E+4
3.120000E+0	2.211741E+4
3.130000E+0	2.099063E+4
3.140000E+0	2.041819E+4
3.150000E+0	1.992141E+4
3.160000E+0	2.255332E+4
3.170000E+0	2.376893E+4
3.180000E+0	2.032278E+4
3.190000E+0	1.949044E+4
3.200000E+0	2.301719E+4
3.210000E+0	2.515233E+4
3.220000E+0	2.030469E+4
3.230000E+0	2.068960E+4
3.240000E+0	1.924370E+4
3.250000E+0	2.022244E+4
3.260000E+0	2.379196E+4
3.270000E+0	1.971744E+4
3.280000E+0	1.993128E+4
3.290000E+0	2.195621E+4
3.300000E+0	2.486775E+4
3.310000E+0	1.885549E+4
3.320000E+0	2.427557E+4
3.330000E+0	1.967632E+4
3.340000E+0	2.210590E+4
3.350000E+0	1.922396E+4
3.360000E+0	2.305174E+4
3.370000E+0	2.010071E+4
3.380000E+0	2.198746E+4
3.390000E+0	2.441210E+4
3.400000E+0	2.125875E+4
3.410000E+0	2.155978E+4
3.420000E+0	2.361760E+4
3.430000E+0	2.360279E+4
3.440000E+0	2.040503E+4
3.450000E+0	2.403541E+4
3.460000E+0	2.099885E+4
3.470000E+0	2.352548E+4
3.480000E+0	2.145450E+4
3.490000E+0	2.204174E+4
3.500000E+0	2.240034E+4
3.510000E+0	2.221611E+4
3.520000E+0	2.310437E+4
3.530000E+0	2.158116E+4
3.540000E+0	2.199568E+4
3.550000E+0	2.154662E+4
3.560000E+0	2.321458E+4
3.570000E+0	2.266517E+4
3.580000E+0	2.148082E+4
3.590000E+0	2.192989E+4
3.600000E+0	1.977337E+4
3.610000E+0	2.477399E+4
3.620000E+0	2.330835E+4
3.630000E+0	2.068138E+4
3.640000E+0	2.653079E+4
3.650000E+0	2.389724E+4
3.660000E+0	2.256155E+4
3.670000E+0	2.481347E+4
3.680000E+0	2.433644E+4
3.690000E+0	2.287244E+4
3.700000E+0	2.258786E+4
3.710000E+0	2.565239E+4
3.720000E+0	2.332973E+4
3.730000E+0	2.212728E+4
3.740000E+0	2.626431E+4
3.750000E+0	2.294153E+4
3.760000E+0	2.276881E+4
3.770000E+0	2.324255E+4
3.780000E+0	2.156471E+4
3.790000E+0	2.653243E+4
3.800000E+0	2.376235E+4
3.810000E+0	2.199239E+4
3.820000E+0	2.178349E+4
3.830000E+0	2.452725E+4
3.840000E+0	2.477892E+4
3.850000E+0	2.227532E+4
3.860000E+0	2.529379E+4
3.870000E+0	2.458976E+4
3.880000E+0	2.377716E+4
3.890000E+0	2.557508E+4
3.900000E+0	2.340211E+4
3.910000E+0	2.059584E+4
3.920000E+0	2.823495E+4
3.930000E+0	2.527570E+4
3.940000E+0	2.179500E+4
3.950000E+0	2.454863E+4
3.960000E+0	2.617877E+4
3.970000E+0	2.192495E+4
3.980000E+0	2.365214E+4
3.990000E+0	2.478715E+4
4.000000E+0	2.229013E+4
4.010000E+0	2.336099E+4
4.020000E+0	2.523622E+4
4.030000E+0	2.213222E+4
4.040000E+0	2.230493E+4
4.050000E+0	2.402554E+4
4.060000E+0	2.376729E+4
4.070000E+0	2.335441E+4
4.080000E+0	2.669364E+4
4.090000E+0	2.290040E+4
4.100000E+0	2.335112E+4
4.110000E+0	2.605869E+4
4.120000E+0	2.609159E+4
4.130000E+0	2.392849E+4
4.140000E+0	2.459798E+4
4.150000E+0	2.079159E+4
4.160000E+0	2.103668E+4
4.170000E+0	2.384953E+4
4.180000E+0	2.258786E+4
4.190000E+0	2.451738E+4
4.200000E+0	2.496974E+4
4.210000E+0	2.413575E+4
4.220000E+0	2.446145E+4
4.230000E+0	2.547803E+4
4.240000E+0	2.538920E+4
4.250000E+0	2.165518E+4
4.260000E+0	2.419662E+4
4.270000E+0	2.545664E+4
4.280000E+0	2.731214E+4
4.290000E+0	2.332809E+4
4.300000E+0	2.365050E+4
4.310000E+0	2.723153E+4
4.320000E+0	2.355180E+4
4.330000E+0	2.532011E+4
4.340000E+0	2.706375E+4
4.350000E+0	2.011058E+4
4.360000E+0	2.259609E+4
4.370000E+0	2.698479E+4
4.380000E+0	2.143641E+4
4.390000E+0	2.470819E+4
4.400000E+0	2.548790E+4
4.410000E+0	2.657191E+4
4.420000E+0	2.545006E+4
4.430000E+0	2.586459E+4
4.440000E+0	2.490065E+4
4.450000E+0	2.368669E+4
4.460000E+0	2.700618E+4
4.470000E+0	2.434137E+4
4.480000E+0	2.468023E+4
4.490000E+0	2.528063E+4
4.500000E+0	2.641729E+4
4.510000E+0	2.232303E+4
4.520000E+0	2.512107E+4
4.530000E+0	2.753256E+4
4.540000E+0	2.669528E+4
4.550000E+0	2.308464E+4
4.560000E+0	2.525596E+4
4.570000E+0	2.709994E+4
4.580000E+0	2.537604E+4
4.590000E+0	2.661797E+4
4.600000E+0	2.780397E+4
4.610000E+0	2.679398E+4
4.620000E+0	2.682359E+4
4.630000E+0	2.424761E+4
4.640000E+0	2.593203E+4
4.650000E+0	2.471313E+4
4.660000E+0	2.715587E+4
4.670000E+0	2.827936E+4
4.680000E+0	2.679398E+4
4.690000E+0	2.571819E+4
4.700000E+0	2.413740E+4
4.710000E+0	2.483650E+4
4.720000E+0	2.798163E+4
4.730000E+0	2.559153E+4
4.740000E+0	2.592051E+4
4.750000E+0	2.656698E+4
4.760000E+0	2.616726E+4
4.770000E+0	2.460950E+4
4.780000E+0	2.959038E+4
4.790000E+0	2.621825E+4
4.800000E+0	2.401074E+4
4.810000E+0	2.578234E+4
4.820000E+0	2.523458E+4
4.830000E+0	2.459963E+4
4.840000E+0	2.577576E+4
4.850000E+0	2.939463E+4
4.860000E+0	2.629885E+4
4.870000E+0	2.400910E+4
4.880000E+0	2.875639E+4
4.890000E+0	2.864125E+4
4.900000E+0	2.687952E+4
4.910000E+0	2.766580E+4
4.920000E+0	2.538098E+4
4.930000E+0	2.767238E+4
4.940000E+0	2.384625E+4
4.950000E+0	2.928771E+4
4.960000E+0	2.933870E+4
4.970000E+0	2.486117E+4
4.980000E+0	2.589749E+4
4.990000E+0	2.788951E+4
5.000000E+0	2.423281E+4
5.010000E+0	2.584814E+4
5.020000E+0	2.953610E+4
5.030000E+0	2.985686E+4
5.040000E+0	2.458482E+4
5.050000E+0	2.664758E+4
5.060000E+0	2.763455E+4
5.070000E+0	2.791419E+4
5.080000E+0	2.732529E+4
5.090000E+0	2.679892E+4
5.100000E+0	2.704730E+4
5.110000E+0	2.356332E+4
5.120000E+0	2.924988E+4
5.130000E+0	2.818231E+4
5.140000E+0	2.738780E+4
5.150000E+0	2.658014E+4
5.160000E+0	2.822179E+4
5.170000E+0	2.417359E+4
5.180000E+0	2.766909E+4
5.190000E+0	2.974829E+4
5.200000E+0	2.751117E+4
5.210000E+0	2.705717E+4
5.220000E+0	2.950484E+4
5.230000E+0	2.480196E+4
5.240000E+0	2.753585E+4
5.250000E+0	2.846030E+4
5.260000E+0	2.533163E+4
5.270000E+0	2.903932E+4
5.280000E+0	2.875804E+4
5.290000E+0	2.902616E+4
5.300000E+0	2.663442E+4
5.310000E+0	2.945879E+4
5.320000E+0	2.508653E+4
5.330000E+0	2.431177E+4
5.340000E+0	3.005425E+4
5.350000E+0	2.987825E+4
5.360000E+0	2.592545E+4
5.370000E+0	2.793228E+4
5.380000E+0	2.987495E+4
5.390000E+0	2.639919E+4
5.400000E+0	2.977132E+4
5.410000E+0	2.683675E+4
5.420000E+0	2.435124E+4
5.430000E+0	2.787635E+4
5.440000E+0	2.623799E+4
5.450000E+0	2.679234E+4
5.460000E+0	2.820205E+4
5.470000E+0	2.847676E+4
5.480000E+0	2.782536E+4
5.490000E+0	2.942918E+4
5.500000E+0	2.594519E+4
5.510000E+0	2.877120E+4
5.520000E+0	2.759013E+4
5.530000E+0	2.684004E+4
5.540000E+0	2.892418E+4
5.550000E+0	2.680221E+4
5.560000E+0	2.766087E+4
5.570000E+0	2.695683E+4
5.580000E+0	2.515727E+4
5.590000E+0	2.814777E+4
5.600000E+0	2.661468E+4
5.610000E+0	2.703085E+4
5.620000E+0	2.607679E+4
5.630000E+0	2.924824E+4
5.640000E+0	2.926139E+4
5.650000E+0	2.888470E+4
5.660000E+0	2.537769E+4
5.670000E+0	2.783359E+4
5.680000E+0	2.796518E+4
5.690000E+0	2.588269E+4
5.700000E+0	2.934035E+4
5.710000E+0	2.877943E+4
5.720000E+0	2.542539E+4
5.730000E+0	2.908868E+4
5.740000E+0	2.726773E+4
5.750000E+0	2.449929E+4
5.760000E+0	2.812309E+4
5.770000E+0	3.025000E+4
5.780000E+0	2.538098E+4
5.790000E+0	2.732859E+4
5.800000E+0	2.911993E+4
5.810000E+0	2.661468E+4
5.820000E+0	2.585966E+4
5.830000E+0	2.830897E+4
5.840000E+0	3.114978E+4
5.850000E+0	2.616726E+4
5.860000E+0	2.925317E+4
5.870000E+0	2.987660E+4
5.880000E+0	2.705388E+4
5.890000E+0	2.999833E+4
5.900000E+0	2.980751E+4
5.910000E+0	2.803262E+4
5.920000E+0	2.887483E+4
5.930000E+0	2.849156E+4
5.940000E+0	2.714600E+4
5.950000E+0	3.165149E+4
5.960000E+0	2.890279E+4
5.970000E+0	2.848169E+4
5.980000E+0	2.984864E+4
5.990000E+0	2.924823E+4
6.000000E+0	2.855407E+4
6.010000E+0	3.161530E+4
6.020000E+0	2.997859E+4
6.030000E+0	2.775792E+4
6.040000E+0	2.853762E+4
6.050000E+0	3.051977E+4
6.060000E+0	2.693874E+4
6.070000E+0	3.161201E+4
6.080000E+0	2.724963E+4
6.090000E+0	2.843399E+4
6.100000E+0	2.688610E+4
6.110000E+0	2.973678E+4
6.120000E+0	2.870047E+4
6.130000E+0	2.735491E+4
6.140000E+0	2.871198E+4
6.150000E+0	2.595013E+4
6.160000E+0	2.797505E+4
6.170000E+0	2.886167E+4
6.180000E+0	2.753914E+4
6.190000E+0	3.105273E+4
6.200000E+0	2.982725E+4
6.210000E+0	2.617219E+4
6.220000E+0	2.933870E+4
6.230000E+0	2.980587E+4
6.240000E+0	2.762797E+4
6.250000E+0	3.003945E+4
6.260000E+0	2.792077E+4
6.270000E+0	3.081422E+4
6.280000E+0	2.856229E+4
6.290000E+0	2.833200E+4
6.300000E+0	3.030429E+4
6.310000E+0	2.805236E+4
6.320000E+0	3.072046E+4
6.330000E+0	2.968908E+4
6.340000E+0	2.979929E+4
6.350000E+0	3.150509E+4
6.360000E+0	3.015460E+4
6.370000E+0	2.816422E+4
6.380000E+0	3.130770E+4
6.390000E+0	2.797505E+4
6.400000E+0	2.878107E+4
6.410000E+0	3.322406E+4
6.420000E+0	2.593697E+4
6.430000E+0	2.568694E+4
6.440000E+0	3.324380E+4
6.450000E+0	3.209069E+4
6.460000E+0	2.830239E+4
6.470000E+0	2.895050E+4
6.480000E+0	2.987002E+4
6.490000E+0	2.681372E+4
6.500000E+0	3.033061E+4
6.510000E+0	3.160544E+4
6.520000E+0	2.813297E+4
6.530000E+0	2.739110E+4
6.540000E+0	3.221571E+4
6.550000E+0	2.680879E+4
6.560000E+0	1.866304E+4
6.570000E+0	2.431671E+4
6.580000E+0	2.424433E+4
6.590000E+0	2.810007E+4
6.600000E+0	2.839945E+4
6.610000E+0	2.918244E+4
6.620000E+0	2.704402E+4
6.630000E+0	2.982232E+4
6.640000E+0	2.983055E+4
6.650000E+0	3.072211E+4
6.660000E+0	2.969073E+4
6.670000E+0	2.841918E+4
6.680000E+0	2.970553E+4
6.690000E+0	2.885016E+4
6.700000E+0	2.798821E+4
6.710000E+0	2.622648E+4
6.720000E+0	2.933706E+4
6.730000E+0	3.020888E+4
6.740000E+0	2.990128E+4
6.750000E+0	2.998681E+4
6.760000E+0	2.756546E+4
6.770000E+0	3.523089E+4
6.780000E+0	3.404488E+4
6.790000E+0	3.007399E+4
6.800000E+0	3.139982E+4
6.810000E+0	3.120736E+4
6.820000E+0	2.851459E+4
6.830000E+0	3.075171E+4
6.840000E+0	3.283914E+4
6.850000E+0	3.118762E+4
6.860000E+0	3.036021E+4
6.870000E+0	3.109221E+4
6.880000E+0	3.041943E+4
6.890000E+0	2.783358E+4
6.900000E+0	3.130441E+4
6.910000E+0	3.168439E+4
6.920000E+0	3.089811E+4
6.930000E+0	3.263517E+4
6.940000E+0	3.265819E+4
6.950000E+0	2.868237E+4
6.960000E+0	2.857052E+4
6.970000E+0	2.861329E+4
6.980000E+0	3.432452E+4
6.990000E+0	2.925152E+4
7.000000E+0	3.232756E+4
7.010000E+0	3.243119E+4
7.020000E+0	2.846853E+4
7.030000E+0	3.290987E+4
7.040000E+0	2.881397E+4
7.050000E+0	2.836161E+4
7.060000E+0	3.021217E+4
7.070000E+0	3.131099E+4
7.080000E+0	2.925317E+4
7.090000E+0	3.210056E+4
7.100000E+0	3.081751E+4
7.110000E+0	2.961834E+4
7.120000E+0	3.289507E+4
7.130000E+0	2.842412E+4
7.140000E+0	3.140968E+4
7.150000E+0	3.359252E+4
7.160000E+0	2.974336E+4
7.170000E+0	2.922685E+4
7.180000E+0	3.013815E+4
7.190000E+0	3.336223E+4
7.200000E+0	3.006577E+4
7.210000E+0	3.235717E+4
7.220000E+0	3.047536E+4
7.230000E+0	3.042272E+4
7.240000E+0	2.927291E+4
7.250000E+0	3.130112E+4
7.260000E+0	3.113827E+4
7.270000E+0	3.011183E+4
7.280000E+0	3.021711E+4
7.290000E+0	3.382611E+4
7.300000E+0	3.269439E+4
7.310000E+0	3.004110E+4
7.320000E+0	3.044246E+4
7.330000E+0	3.179460E+4
7.340000E+0	2.880739E+4
7.350000E+0	3.370438E+4
7.360000E+0	2.863961E+4
7.370000E+0	3.178309E+4
7.380000E+0	3.228973E+4
7.390000E+0	2.907222E+4
7.400000E+0	3.035199E+4
7.410000E+0	3.194429E+4
7.420000E+0	3.221571E+4
7.430000E+0	2.928936E+4
7.440000E+0	3.113005E+4
7.450000E+0	3.346422E+4
7.460000E+0	3.002958E+4
7.470000E+0	3.260885E+4
7.480000E+0	3.198871E+4
7.490000E+0	3.058064E+4
7.500000E+0	3.141627E+4
7.510000E+0	3.101326E+4
7.520000E+0	3.159063E+4
7.530000E+0	3.266478E+4
7.540000E+0	2.868073E+4
7.550000E+0	3.105109E+4
7.560000E+0	3.233908E+4
7.570000E+0	3.248712E+4
7.580000E+0	3.050168E+4
7.590000E+0	3.105438E+4
7.600000E+0	3.159392E+4
7.610000E+0	3.041121E+4
7.620000E+0	3.107412E+4
7.630000E+0	3.086028E+4
7.640000E+0	3.073691E+4
7.650000E+0	3.307108E+4
7.660000E+0	3.048688E+4
7.670000E+0	3.229137E+4
7.680000E+0	3.181599E+4
7.690000E+0	3.080928E+4
7.700000E+0	3.151003E+4
7.710000E+0	3.381788E+4
7.720000E+0	3.162024E+4
7.730000E+0	3.414522E+4
7.740000E+0	3.018256E+4
7.750000E+0	3.374386E+4
7.760000E+0	3.125013E+4
7.770000E+0	3.039805E+4
7.780000E+0	3.263188E+4
7.790000E+0	3.289836E+4
7.800000E+0	3.019572E+4
7.810000E+0	3.095404E+4
7.820000E+0	3.115143E+4
7.830000E+0	3.065795E+4
7.840000E+0	3.233743E+4
7.850000E+0	3.261872E+4
7.860000E+0	3.027303E+4
7.870000E+0	3.389026E+4
7.880000E+0	3.092772E+4
7.890000E+0	3.117940E+4
7.900000E+0	3.261378E+4
7.910000E+0	3.430478E+4
7.920000E+0	3.087673E+4
7.930000E+0	3.200186E+4
7.940000E+0	3.241145E+4
7.950000E+0	2.881890E+4
7.960000E+0	3.075993E+4
7.970000E+0	3.327340E+4
7.980000E+0	3.130605E+4
7.990000E+0	3.117775E+4
8.000000E+0	3.342638E+4
