applied voltage (volts)	measured current (nanoamps)	measured temperature (deg C)
-4.000000E+0	-1.494765E+5
-3.950000E+0	-1.451865E+5
-3.900000E+0	-1.456339E+5
-3.850000E+0	-1.458346E+5
-3.800000E+0	-1.482066E+5
-3.750000E+0	-1.478645E+5
-3.700000E+0	-1.483201E+5
-3.650000E+0	-1.469828E+5
-3.600000E+0	-1.492051E+5
-3.550000E+0	-1.467163E+5
-3.500000E+0	-1.498499E+5
-3.450000E+0	-1.485668E+5
-3.400000E+0	-1.430629E+5
-3.350000E+0	-1.490176E+5
-3.300000E+0	-1.453888E+5
-3.250000E+0	-1.483448E+5
-3.200000E+0	-1.473562E+5
-3.150000E+0	-1.471686E+5
-3.100000E+0	-1.459728E+5
-3.050000E+0	-1.490241E+5
-3.000000E+0	-1.467903E+5
-2.950000E+0	-1.433014E+5
-2.900000E+0	-1.460928E+5
-2.850000E+0	-1.484254E+5
-2.800000E+0	-1.435432E+5
-2.750000E+0	-1.428967E+5
-2.700000E+0	-1.458181E+5
-2.650000E+0	-1.434067E+5
-2.600000E+0	-1.382695E+5
-2.550000E+0	-1.421680E+5
-2.500000E+0	-1.368351E+5
-2.450000E+0	-1.321750E+5
-2.400000E+0	-1.357988E+5
-2.350000E+0	-1.323724E+5
-2.300000E+0	-1.264884E+5
-2.250000E+0	-1.254110E+5
-2.200000E+0	-1.245491E+5
-2.150000E+0	-1.169264E+5
-2.100000E+0	-1.141892E+5
-2.050000E+0	-1.126413E+5
-2.000000E+0	-1.042768E+5
-1.950000E+0	-1.054085E+5
-1.900000E+0	-9.713117E+4
-1.850000E+0	-9.246447E+4
-1.800000E+0	-8.918117E+4
-1.750000E+0	-8.683878E+4
-1.700000E+0	-7.532748E+4
-1.650000E+0	-7.152273E+4
-1.600000E+0	-6.917375E+4
-1.550000E+0	-6.218440E+4
-1.500000E+0	-5.517859E+4
-1.450000E+0	-5.305168E+4
-1.400000E+0	-4.622682E+4
-1.350000E+0	-3.550838E+4
-1.300000E+0	-2.578349E+4
-1.250000E+0	-1.892244E+4
-1.200000E+0	-1.314705E+4
-1.150000E+0	6.013703E+2
-1.100000E+0	1.505547E+4
-1.050000E+0	2.568672E+4
-1.000000E+0	3.723092E+4
-9.500000E-1	5.777953E+4
-9.000000E-1	7.302320E+4
-8.500000E-1	8.953841E+4
-8.000000E-1	1.178248E+5
-7.500000E-1	1.409626E+5
-7.000000E-1	1.665792E+5
-6.500000E-1	2.039079E+5
-6.000000E-1	2.478410E+5
-5.500000E-1	2.961825E+5
-5.000000E-1	3.602859E+5
-4.500000E-1	4.335055E+5
-4.000000E-1	5.217089E+5
-3.500000E-1	6.293539E+5
-3.000000E-1	7.531209E+5
-2.500000E-1	8.955433E+5
-2.000000E-1	1.053933E+6
-1.500000E-1	1.228486E+6
-1.000000E-1	1.424644E+6
-5.000000E-2	1.624517E+6
-5.842549E-15	1.832746E+6
5.000000E-2	2.056094E+6
1.000000E-1	2.289173E+6
1.500000E-1	2.539251E+6
2.000000E-1	2.786455E+6
2.500000E-1	3.047246E+6
3.000000E-1	3.314343E+6
3.500000E-1	3.583407E+6
4.000000E-1	3.854174E+6
4.500000E-1	4.128420E+6
5.000000E-1	4.401784E+6
5.500000E-1	4.682233E+6
6.000000E-1	4.963610E+6
6.500000E-1	5.245366E+6
7.000000E-1	5.519055E+6
7.500000E-1	5.792777E+6
8.000000E-1	6.067828E+6
8.500000E-1	6.344655E+6
9.000000E-1	6.609490E+6
9.500000E-1	6.872027E+6
1.000000E+0	7.132909E+6
1.050000E+0	7.381435E+6
1.100000E+0	7.622321E+6
1.150000E+0	7.860153E+6
1.200000E+0	8.099182E+6
1.250000E+0	8.326467E+6
1.300000E+0	8.557356E+6
1.350000E+0	8.779114E+6
1.400000E+0	8.994525E+6
1.450000E+0	9.204824E+6
1.500000E+0	9.411648E+6
1.550000E+0	9.610662E+6
1.600000E+0	9.810726E+6
1.650000E+0	9.998103E+6
1.700000E+0	1.018079E+7
1.750000E+0	1.036506E+7
1.800000E+0	1.054161E+7
1.850000E+0	1.071241E+7
1.900000E+0	1.088663E+7
1.950000E+0	1.105665E+7
2.000000E+0	1.121002E+7
2.050000E+0	1.136560E+7
2.100000E+0	1.150987E+7
2.150000E+0	1.165908E+7
2.200000E+0	1.181537E+7
2.250000E+0	1.195855E+7
2.300000E+0	1.209686E+7
2.350000E+0	1.223227E+7
2.400000E+0	1.236442E+7
2.450000E+0	1.249756E+7
2.500000E+0	1.261799E+7
2.550000E+0	1.275036E+7
2.600000E+0	1.288069E+7
2.650000E+0	1.300983E+7
2.700000E+0	1.313199E+7
2.750000E+0	1.325067E+7
2.800000E+0	1.336199E+7
2.850000E+0	1.347781E+7
2.900000E+0	1.358849E+7
2.950000E+0	1.368874E+7
3.000000E+0	1.378947E+7
3.050000E+0	1.388882E+7
3.100000E+0	1.398612E+7
3.150000E+0	1.409124E+7
3.200000E+0	1.419165E+7
3.250000E+0	1.428869E+7
3.300000E+0	1.438388E+7
3.350000E+0	1.448389E+7
3.400000E+0	1.457974E+7
3.450000E+0	1.466947E+7
3.500000E+0	1.475970E+7
3.550000E+0	1.485090E+7
3.600000E+0	1.493477E+7
3.650000E+0	1.502157E+7
3.700000E+0	1.511344E+7
3.750000E+0	1.520389E+7
3.800000E+0	1.528478E+7
3.850000E+0	1.536973E+7
3.900000E+0	1.544339E+7
3.950000E+0	1.551153E+7
4.000000E+0	1.559523E+7
4.050000E+0	1.566499E+7
4.100000E+0	1.573921E+7
4.150000E+0	1.582108E+7
4.200000E+0	1.589361E+7
4.250000E+0	1.597056E+7
4.300000E+0	1.604903E+7
4.350000E+0	1.613038E+7
4.400000E+0	1.620112E+7
4.450000E+0	1.627476E+7
4.500000E+0	1.635257E+7
4.550000E+0	1.642385E+7
4.600000E+0	1.649668E+7
4.650000E+0	1.657184E+7
4.700000E+0	1.663922E+7
4.750000E+0	1.670672E+7
4.800000E+0	1.677759E+7
4.850000E+0	1.683730E+7
4.900000E+0	1.690796E+7
4.950000E+0	1.697445E+7
5.000000E+0	1.703695E+7
5.050000E+0	1.710262E+7
5.100000E+0	1.716915E+7
5.150000E+0	1.723598E+7
5.200000E+0	1.730548E+7
5.250000E+0	1.737388E+7
5.300000E+0	1.743882E+7
5.350000E+0	1.750190E+7
5.400000E+0	1.756834E+7
5.450000E+0	1.763315E+7
5.500000E+0	1.769843E+7
5.550000E+0	1.777040E+7
5.600000E+0	1.783498E+7
5.650000E+0	1.790081E+7
5.700000E+0	1.796686E+7
5.750000E+0	1.802790E+7
5.800000E+0	1.808848E+7
5.850000E+0	1.813749E+7
5.900000E+0	1.819365E+7
5.950000E+0	1.824923E+7
6.000000E+0	1.830187E+7
6.050000E+0	1.836721E+7
6.100000E+0	1.842878E+7
6.150000E+0	1.849373E+7
6.200000E+0	1.855473E+7
6.250000E+0	1.862007E+7
6.300000E+0	1.867508E+7
6.350000E+0	1.873805E+7
6.400000E+0	1.880004E+7
6.450000E+0	1.885487E+7
6.500000E+0	1.891684E+7
6.550000E+0	1.897061E+7
6.600000E+0	1.902254E+7
6.650000E+0	1.907873E+7
6.700000E+0	1.912771E+7
6.750000E+0	1.917326E+7
6.800000E+0	1.923864E+7
6.850000E+0	1.928935E+7
6.900000E+0	1.933580E+7
6.950000E+0	1.938928E+7
7.000000E+0	1.943849E+7
7.050000E+0	1.949251E+7
7.100000E+0	1.955111E+7
7.150000E+0	1.960114E+7
7.200000E+0	1.965333E+7
7.250000E+0	1.970644E+7
7.300000E+0	1.975537E+7
7.350000E+0	1.980753E+7
7.400000E+0	1.986570E+7
7.450000E+0	1.991604E+7
7.500000E+0	1.996723E+7
7.550000E+0	2.002066E+7
7.600000E+0	2.006968E+7
7.650000E+0	2.011682E+7
7.700000E+0	2.016518E+7
7.750000E+0	2.019859E+7
7.800000E+0	2.023485E+7
7.850000E+0	2.027304E+7
7.900000E+0	2.031924E+7
7.950000E+0	2.036698E+7
8.000000E+0	2.041859E+7
