applied voltage (volts)	measured current (nanoamps)	measured temperature (deg C)
-4.000000E+0	-4.280846E+3
-3.950000E+0	-6.151143E+3
-3.900000E+0	-7.228580E+3
-3.850000E+0	-7.467096E+3
-3.800000E+0	-7.606917E+3
-3.750000E+0	-8.722187E+3
-3.700000E+0	-8.190869E+3
-3.650000E+0	-9.352199E+3
-3.600000E+0	-6.879852E+3
-3.550000E+0	-8.904774E+3
-3.500000E+0	-1.079810E+4
-3.450000E+0	-9.809491E+3
-3.400000E+0	-1.114025E+4
-3.350000E+0	-8.130005E+3
-3.300000E+0	-9.705859E+3
-3.250000E+0	-1.023882E+4
-3.200000E+0	-8.613618E+3
-3.150000E+0	-1.068624E+4
-3.100000E+0	-7.588817E+3
-3.050000E+0	-7.008154E+3
-3.000000E+0	-9.421285E+3
-2.950000E+0	-8.528081E+3
-2.900000E+0	-9.570974E+3
-2.850000E+0	-7.391427E+3
-2.800000E+0	-1.050201E+4
-2.750000E+0	-9.871998E+3
-2.700000E+0	-9.271596E+3
-2.650000E+0	-7.912874E+3
-2.600000E+0	-1.048063E+4
-2.550000E+0	-9.217313E+3
-2.500000E+0	-9.182769E+3
-2.450000E+0	-7.029540E+3
-2.400000E+0	-8.546176E+3
-2.350000E+0	-7.314116E+3
-2.300000E+0	-7.616787E+3
-2.250000E+0	-9.860485E+3
-2.200000E+0	-7.597046E+3
-2.150000E+0	-9.572622E+3
-2.100000E+0	-8.348786E+3
-2.050000E+0	-4.675633E+3
-2.000000E+0	-9.549592E+3
-1.950000E+0	-8.898196E+3
-1.900000E+0	-8.029667E+3
-1.850000E+0	-6.828860E+3
-1.800000E+0	-7.625011E+3
-1.750000E+0	-8.327401E+3
-1.700000E+0	-9.080784E+3
-1.650000E+0	-8.713962E+3
-1.600000E+0	-9.906541E+3
-1.550000E+0	-9.914768E+3
-1.500000E+0	-7.463807E+3
-1.450000E+0	-8.771535E+3
-1.400000E+0	-4.626282E+3
-1.350000E+0	-7.628299E+3
-1.300000E+0	-5.264517E+3
-1.250000E+0	-5.562252E+3
-1.200000E+0	-1.038851E+4
-1.150000E+0	-6.417621E+3
-1.100000E+0	-8.057626E+3
-1.050000E+0	-7.180873E+3
-1.000000E+0	-4.606539E+3
-9.500000E-1	-4.007782E+3
-9.000000E-1	1.095075E+2
-8.500000E-1	5.559197E+3
-8.000000E-1	8.066088E+3
-7.500000E-1	1.858220E+4
-7.000000E-1	2.339201E+4
-6.500000E-1	3.548726E+4
-6.000000E-1	4.949887E+4
-5.500000E-1	6.616871E+4
-5.000000E-1	8.801353E+4
-4.500000E-1	1.115214E+5
-4.000000E-1	1.418985E+5
-3.500000E-1	1.757317E+5
-3.000000E-1	2.183801E+5
-2.500000E-1	2.573981E+5
-2.000000E-1	3.095723E+5
-1.500000E-1	3.580257E+5
-1.000000E-1	4.150098E+5
-5.000000E-2	4.766721E+5
-5.842549E-15	5.369246E+5
5.000000E-2	6.013850E+5
1.000000E-1	6.710318E+5
1.500000E-1	7.410504E+5
2.000000E-1	8.100672E+5
2.500000E-1	8.829085E+5
3.000000E-1	9.565114E+5
3.500000E-1	1.029775E+6
4.000000E-1	1.102148E+6
4.500000E-1	1.173206E+6
5.000000E-1	1.246505E+6
5.500000E-1	1.318723E+6
6.000000E-1	1.398135E+6
6.500000E-1	1.464052E+6
7.000000E-1	1.536306E+6
7.500000E-1	1.610221E+6
8.000000E-1	1.679447E+6
8.500000E-1	1.751895E+6
9.000000E-1	1.819433E+6
9.500000E-1	1.887537E+6
1.000000E+0	1.951903E+6
1.050000E+0	2.020086E+6
1.100000E+0	2.086379E+6
1.150000E+0	2.150404E+6
1.200000E+0	2.219618E+6
1.250000E+0	2.286399E+6
1.300000E+0	2.352100E+6
1.350000E+0	2.416930E+6
1.400000E+0	2.478749E+6
1.450000E+0	2.535257E+6
1.500000E+0	2.594388E+6
1.550000E+0	2.650466E+6
1.600000E+0	2.706330E+6
1.650000E+0	2.763274E+6
1.700000E+0	2.821290E+6
1.750000E+0	2.876749E+6
1.800000E+0	2.929493E+6
1.850000E+0	2.986302E+6
1.900000E+0	3.033825E+6
1.950000E+0	3.081194E+6
2.000000E+0	3.131922E+6
2.050000E+0	3.175790E+6
2.100000E+0	3.217696E+6
2.150000E+0	3.262661E+6
2.200000E+0	3.307612E+6
2.250000E+0	3.351812E+6
2.300000E+0	3.396806E+6
2.350000E+0	3.439382E+6
2.400000E+0	3.484646E+6
2.450000E+0	3.523897E+6
2.500000E+0	3.563855E+6
2.550000E+0	3.597267E+6
2.600000E+0	3.630019E+6
2.650000E+0	3.665612E+6
2.700000E+0	3.704719E+6
2.750000E+0	3.739026E+6
2.800000E+0	3.773480E+6
2.850000E+0	3.810611E+6
2.900000E+0	3.848342E+6
2.950000E+0	3.882139E+6
3.000000E+0	3.917567E+6
3.050000E+0	3.944924E+6
3.100000E+0	3.973753E+6
3.150000E+0	4.004492E+6
3.200000E+0	4.031257E+6
3.250000E+0	4.058589E+6
3.300000E+0	4.092310E+6
3.350000E+0	4.124310E+6
3.400000E+0	4.157804E+6
3.450000E+0	4.189448E+6
3.500000E+0	4.220417E+6
3.550000E+0	4.248705E+6
3.600000E+0	4.272943E+6
3.650000E+0	4.296917E+6
3.700000E+0	4.321662E+6
3.750000E+0	4.345380E+6
3.800000E+0	4.375216E+6
3.850000E+0	4.402529E+6
3.900000E+0	4.433036E+6
3.950000E+0	4.459245E+6
4.000000E+0	4.493961E+6
4.050000E+0	4.519231E+6
4.100000E+0	4.543299E+6
4.150000E+0	4.565975E+6
4.200000E+0	4.582620E+6
4.250000E+0	4.606595E+6
4.300000E+0	4.627784E+6
4.350000E+0	4.652981E+6
4.400000E+0	4.676754E+6
4.450000E+0	4.707812E+6
4.500000E+0	4.733692E+6
4.550000E+0	4.760371E+6
4.600000E+0	4.789286E+6
4.650000E+0	4.810530E+6
4.700000E+0	4.826888E+6
4.750000E+0	4.849507E+6
4.800000E+0	4.869322E+6
4.850000E+0	4.888744E+6
4.900000E+0	4.912416E+6
4.950000E+0	4.938722E+6
5.000000E+0	4.965653E+6
5.050000E+0	4.987824E+6
5.100000E+0	5.012862E+6
5.150000E+0	5.039291E+6
5.200000E+0	5.059481E+6
5.250000E+0	5.077575E+6
5.300000E+0	5.091177E+6
5.350000E+0	5.110731E+6
5.400000E+0	5.133171E+6
5.450000E+0	5.156019E+6
5.500000E+0	5.181271E+6
5.550000E+0	5.203473E+6
5.600000E+0	5.231966E+6
5.650000E+0	5.258919E+6
5.700000E+0	5.278949E+6
5.750000E+0	5.299203E+6
5.800000E+0	5.327911E+6
5.850000E+0	5.336869E+6
5.900000E+0	5.349501E+6
5.950000E+0	5.366220E+6
6.000000E+0	5.388981E+6
6.050000E+0	5.407103E+6
6.100000E+0	5.432944E+6
6.150000E+0	5.454159E+6
6.200000E+0	5.477897E+6
6.250000E+0	5.498317E+6
6.300000E+0	5.520188E+6
6.350000E+0	5.545032E+6
6.400000E+0	5.563995E+6
6.450000E+0	5.574003E+6
6.500000E+0	5.591447E+6
6.550000E+0	5.612174E+6
6.600000E+0	5.630750E+6
6.650000E+0	5.648135E+6
6.700000E+0	5.669317E+6
6.750000E+0	5.695156E+6
6.800000E+0	5.714264E+6
6.850000E+0	5.733120E+6
6.900000E+0	5.755144E+6
6.950000E+0	5.770988E+6
7.000000E+0	5.783447E+6
7.050000E+0	5.796136E+6
7.100000E+0	5.816479E+6
7.150000E+0	5.831124E+6
7.200000E+0	5.849881E+6
7.250000E+0	5.871469E+6
7.300000E+0	5.893798E+6
7.350000E+0	5.913945E+6
7.400000E+0	5.935415E+6
7.450000E+0	5.948939E+6
7.500000E+0	5.964198E+6
7.550000E+0	5.978330E+6
7.600000E+0	5.986869E+6
7.650000E+0	6.003802E+6
7.700000E+0	6.023355E+6
7.750000E+0	6.041249E+6
7.800000E+0	6.056089E+6
7.850000E+0	6.079704E+6
7.900000E+0	6.099017E+6
7.950000E+0	6.115225E+6
8.000000E+0	6.137580E+6
