applied voltage (volts)	measured current (nanoamps)	measured temperature (deg C)
0.000000E+0	-3.536861E+3
5.000000E-3	7.938521E+1
1.000000E-2	9.943006E+2
1.500000E-2	-2.025813E+3
2.000000E-2	6.189247E+2
2.500000E-2	2.188851E+3
3.000000E-2	-2.293947E+3
3.500000E-2	6.366808E+2
4.000000E-2	4.126406E+2
4.500000E-2	-2.263352E+3
5.000000E-2	2.025340E+3
5.500000E-2	5.988489E+2
6.000000E-2	-1.970550E+3
6.500000E-2	-2.749433E+2
7.000000E-2	2.924466E+3
7.500000E-2	-3.562194E+3
8.000000E-2	-2.589698E+3
8.500000E-2	2.237547E+3
9.000000E-2	-1.354454E+2
9.500000E-2	-2.811111E+3
1.000000E-1	-3.377782E+2
1.050000E-1	3.097844E+3
1.100000E-1	-2.506471E+3
1.150000E-1	-1.634980E+3
1.200000E-1	2.213853E+3
1.250000E-1	6.633328E+2
1.300000E-1	-2.342635E+3
1.350000E-1	5.439089E+2
1.400000E-1	2.505336E+3
1.450000E-1	-2.131424E+3
1.500000E-1	-4.689308E+3
1.550000E-1	2.184244E+3
1.600000E-1	2.155952E+3
1.650000E-1	-2.999295E+3
1.700000E-1	-5.605020E+2
1.750000E-1	2.610284E+3
1.800000E-1	-2.357438E+3
1.850000E-1	-2.334080E+3
1.900000E-1	3.442296E+3
1.950000E-1	-3.214776E+1
2.000000E-1	-1.771181E+3
2.050000E-1	-1.099716E+3
2.100000E-1	1.712475E+3
2.150000E-1	4.642959E+2
2.200000E-1	-1.306650E+3
2.250000E-1	1.159777E+3
2.300000E-1	2.508299E+3
2.350000E-1	-2.429816E+3
2.400000E-1	1.221297E+3
2.450000E-1	2.460925E+3
2.500000E-1	-1.736305E+3
2.550000E-1	-4.158318E+3
2.600000E-1	-6.030260E+3
2.650000E-1	2.340039E+2
2.700000E-1	4.812599E+1
2.750000E-1	2.886305E+3
2.800000E-1	-1.633335E+3
2.850000E-1	2.030938E+3
2.900000E-1	8.044725E+2
2.950000E-1	-2.154446E+3
3.000000E-1	1.171955E+3
3.050000E-1	3.077784E+3
3.100000E-1	-2.144905E+3
3.150000E-1	3.025146E+3
3.200000E-1	4.156112E+2
3.250000E-1	-2.002458E+3
3.300000E-1	5.485167E+2
3.350000E-1	2.472769E+3
3.400000E-1	-2.285719E+3
3.450000E-1	-8.648181E+2
3.500000E-1	2.499744E+3
3.550000E-1	2.025346E+3
3.600000E-1	-1.981403E+3
3.650000E-1	1.588611E+1
3.700000E-1	1.196622E+3
3.750000E-1	-1.850795E+3
3.800000E-1	1.746692E+3
3.850000E-1	2.613907E+3
3.900000E-1	-2.279136E+3
3.950000E-1	1.328878E+3
4.000000E-1	1.167674E+3
4.050000E-1	-1.569511E+3
4.100000E-1	1.012721E+3
4.150000E-1	2.989281E+3
4.200000E-1	-1.747820E+3
4.250000E-1	1.891777E+3
4.300000E-1	-1.781048E+3
4.350000E-1	-1.574772E+3
4.400000E-1	6.679406E+2
4.450000E-1	2.173061E+3
4.500000E-1	-1.027336E+3
4.550000E-1	-2.805327E+2
4.600000E-1	3.247537E+3
4.650000E-1	7.317656E+2
4.700000E-1	3.016258E+3
4.750000E-1	-1.406330E+3
4.800000E-1	5.054222E+2
4.850000E-1	-3.631070E+2
4.900000E-1	-3.667275E+2
4.950000E-1	1.334470E+3
5.000000E-1	9.525169E+2
5.050000E-1	2.509830E+1
5.100000E-1	3.426177E+3
5.150000E-1	7.839358E+1
5.200000E-1	-2.109378E+3
5.250000E-1	1.025881E+3
5.300000E-1	3.024483E+3
5.350000E-1	-2.585425E+3
5.400000E-1	-1.089184E+3
5.450000E-1	3.155752E+3
5.500000E-1	-8.269801E+2
5.550000E-1	-1.490550E+3
5.600000E-1	1.929282E+3
5.650000E-1	-4.512748E+2
5.700000E-1	-2.362039E+3
5.750000E-1	-1.137322E+2
5.800000E-1	-2.173858E+3
5.850000E-1	1.492717E+3
5.900000E-1	-2.064305E+3
5.950000E-1	1.086618E+2
6.000000E-1	3.238654E+3
6.050000E-1	-5.805666E+2
6.100000E-1	-4.511110E+0
6.150000E-1	8.949437E+2
6.200000E-1	2.905718E+3
6.250000E-1	-1.320464E+3
6.300000E-1	3.129637E+2
6.350000E-1	2.469150E+3
6.400000E-1	-1.292499E+3
6.450000E-1	-1.381984E+3
6.500000E-1	1.345987E+3
6.550000E-1	2.161877E+3
6.600000E-1	-2.588176E+2
6.650000E-1	3.078109E+3
6.700000E-1	5.327282E+2
6.750000E-1	-1.330334E+3
6.800000E-1	8.426353E+2
6.850000E-1	3.668644E+3
6.900000E-1	2.919086E+2
6.950000E-1	-6.845283E+2
7.000000E-1	2.684311E+3
7.050000E-1	-4.472498E+3
7.100000E-1	-2.332759E+3
7.150000E-1	2.071076E+3
7.200000E-1	7.784819E+2
7.250000E-1	-1.908696E+3
7.300000E-1	3.621597E+3
7.350000E-1	2.589562E+3
7.400000E-1	-5.239830E+2
7.450000E-1	1.513441E+3
7.500000E-1	3.513689E+3
7.550000E-1	5.616805E+2
7.600000E-1	-1.660966E+3
7.650000E-1	6.919597E+2
7.700000E-1	1.471004E+3
7.750000E-1	-8.187506E+2
7.800000E-1	2.833678E+3
7.850000E-1	3.823882E+2
7.900000E-1	-1.379345E+3
7.950000E-1	3.919010E+3
8.000000E-1	2.865921E+3
8.050000E-1	-2.031070E+3
8.100000E-1	-1.484292E+3
8.150000E-1	1.716436E+3
8.200000E-1	3.569296E+3
8.250000E-1	8.123738E+2
8.300000E-1	1.985212E+3
8.350000E-1	2.845187E+3
8.400000E-1	-3.581707E+2
8.450000E-1	-2.490536E+1
8.500000E-1	3.414337E+3
8.550000E-1	8.709300E+2
8.600000E-1	-1.730053E+3
8.650000E-1	3.385057E+3
8.700000E-1	1.956263E+3
8.750000E-1	-1.328027E+3
8.800000E-1	6.208998E+2
8.850000E-1	3.555474E+3
8.900000E-1	-5.078589E+2
8.950000E-1	-1.847831E+3
9.000000E-1	4.814838E+3
9.050000E-1	-1.576081E+3
9.100000E-1	-5.736499E+2
9.150000E-1	3.242605E+3
9.200000E-1	3.311037E+3
9.250000E-1	-1.054969E+3
9.300000E-1	1.094642E+3
9.350000E-1	4.192395E+3
9.400000E-1	-1.446464E+3
9.450000E-1	2.853417E+3
9.500000E-1	7.567735E+2
9.550000E-1	-7.309141E+2
9.600000E-1	4.530926E+3
9.650000E-1	3.333647E+2
9.700000E-1	-2.324861E+3
9.750000E-1	2.160235E+3
9.800000E-1	2.389211E+3
9.850000E-1	-9.937775E+2
9.900000E-1	1.827956E+3
9.950000E-1	2.172407E+3
1.000000E+0	-6.555761E+2
1.005000E+0	-2.315087E+2
1.010000E+0	3.604821E+3
1.015000E+0	1.191366E+3
1.020000E+0	-1.074377E+3
1.025000E+0	3.099499E+3
1.030000E+0	1.798679E+3
1.035000E+0	-2.635098E+3
1.040000E+0	-4.654097E+3
1.045000E+0	5.562962E+3
1.050000E+0	1.785848E+3
1.055000E+0	9.735758E+2
1.060000E+0	4.525333E+3
1.065000E+0	3.573803E+2
1.070000E+0	-2.054431E+3
1.075000E+0	1.161428E+3
1.080000E+0	1.531542E+3
1.085000E+0	-1.145109E+3
1.090000E+0	2.257288E+3
1.095000E+0	3.634437E+3
1.100000E+0	2.011157E+2
1.105000E+0	-1.420178E+2
1.110000E+0	2.386586E+3
1.115000E+0	3.296894E+3
1.120000E+0	-6.471109E+1
1.125000E+0	1.296647E+3
1.130000E+0	4.010795E+3
1.135000E+0	1.550539E+2
1.140000E+0	-2.473000E+2
1.145000E+0	3.893675E+3
1.150000E+0	-7.236747E+2
1.155000E+0	2.018771E+3
1.160000E+0	4.343072E+3
1.165000E+0	-8.319119E+2
1.170000E+0	1.424619E+3
1.175000E+0	4.575340E+3
1.180000E+0	-7.776276E+2
1.185000E+0	3.915966E+2
1.190000E+0	3.341633E+3
1.195000E+0	-7.595349E+2
1.200000E+0	7.419684E+2
1.205000E+0	4.247338E+3
1.210000E+0	1.848685E+3
1.215000E+0	2.487251E+3
1.220000E+0	2.964942E+3
1.225000E+0	1.605563E+3
1.230000E+0	5.613540E+2
1.235000E+0	3.689374E+3
1.240000E+0	1.833882E+3
1.245000E+0	1.727620E+3
1.250000E+0	1.418041E+3
1.255000E+0	-2.124243E+2
1.260000E+0	1.493711E+3
1.265000E+0	3.706811E+3
1.270000E+0	-4.239661E+2
1.275000E+0	4.422594E+2
1.280000E+0	2.544165E+3
1.285000E+0	2.693856E+3
1.290000E+0	-1.395798E+3
1.295000E+0	-6.513867E+3
1.300000E+0	2.637926E+3
1.305000E+0	5.487295E+3
1.310000E+0	7.422964E+2
1.315000E+0	-5.358227E+2
1.320000E+0	1.973044E+3
1.325000E+0	2.540796E+2
1.330000E+0	5.574080E+2
1.335000E+0	4.478290E+3
1.340000E+0	3.531133E+3
1.345000E+0	8.768597E+2
1.350000E+0	3.606142E+3
1.355000E+0	1.835200E+3
1.360000E+0	5.047708E+2
1.365000E+0	2.513902E+3
1.370000E+0	3.649568E+3
1.375000E+0	1.504237E+3
1.380000E+0	3.578177E+3
1.385000E+0	9.571294E+2
1.390000E+0	3.575218E+3
1.395000E+0	8.232366E+2
1.400000E+0	2.402708E+2
1.405000E+0	2.480023E+3
1.410000E+0	1.579253E+3
1.415000E+0	1.864815E+3
1.420000E+0	4.054231E+3
1.425000E+0	1.570700E+3
1.430000E+0	-3.965185E+3
1.435000E+0	-2.402825E+3
1.440000E+0	-2.122853E+3
1.445000E+0	1.264079E+3
1.450000E+0	2.949156E+3
1.455000E+0	4.850379E+3
1.460000E+0	2.434619E+3
1.465000E+0	2.060888E+3
1.470000E+0	3.973297E+3
1.475000E+0	2.926785E+3
1.480000E+0	3.017915E+3
1.485000E+0	3.609435E+3
1.490000E+0	1.112744E+3
1.495000E+0	1.272304E+3
1.500000E+0	4.823074E+3
1.505000E+0	1.148607E+3
1.510000E+0	2.955740E+3
1.515000E+0	3.070886E+3
1.520000E+0	1.220652E+3
1.525000E+0	3.019227E+3
1.530000E+0	1.758549E+3
1.535000E+0	1.199598E+3
1.540000E+0	3.997972E+3
1.545000E+0	1.564441E+3
1.550000E+0	2.377044E+3
1.555000E+0	2.044440E+3
1.560000E+0	3.307405E+2
1.565000E+0	3.804199E+3
1.570000E+0	3.888420E+3
1.575000E+0	1.249605E+3
1.580000E+0	3.382767E+3
1.585000E+0	3.506795E+3
1.590000E+0	1.634523E+3
1.595000E+0	3.415982E+2
1.600000E+0	3.743337E+3
1.605000E+0	4.253268E+3
1.610000E+0	6.955896E+2
1.615000E+0	3.119247E+3
1.620000E+0	2.505684E+3
1.625000E+0	1.338761E+3
1.630000E+0	2.372773E+3
1.635000E+0	1.499967E+3
1.640000E+0	7.169707E+2
1.645000E+0	2.987649E+3
1.650000E+0	3.153788E+3
1.655000E+0	1.762824E+3
1.660000E+0	2.653066E+3
1.665000E+0	2.483968E+3
1.670000E+0	2.410275E+3
1.675000E+0	4.147990E+3
1.680000E+0	2.700444E+3
1.685000E+0	1.868761E+3
1.690000E+0	2.805719E+3
1.695000E+0	1.314743E+3
1.700000E+0	2.113528E+3
1.705000E+0	3.363026E+3
1.710000E+0	3.316639E+3
1.715000E+0	-2.011658E+3
1.720000E+0	4.724380E+3
1.725000E+0	-1.055940E+3
1.730000E+0	3.411063E+3
1.735000E+0	2.565562E+3
1.740000E+0	9.232447E+2
1.745000E+0	2.036873E+3
1.750000E+0	2.960666E+3
1.755000E+0	-5.845029E+3
1.760000E+0	8.105706E+3
1.765000E+0	2.244137E+3
1.770000E+0	1.760527E+3
1.775000E+0	3.352827E+3
1.780000E+0	-2.453182E+2
1.785000E+0	-3.420442E+2
1.790000E+0	2.834995E+3
1.795000E+0	1.909550E+3
1.800000E+0	2.621151E+3
1.805000E+0	2.536601E+3
1.810000E+0	2.953431E+3
1.815000E+0	2.763276E+3
1.820000E+0	2.473109E+3
1.825000E+0	4.023301E+3
1.830000E+0	3.873613E+3
1.835000E+0	2.988632E+3
1.840000E+0	3.059366E+3
1.845000E+0	3.286038E+3
1.850000E+0	3.284065E+3
1.855000E+0	3.793339E+3
1.860000E+0	2.002985E+3
1.865000E+0	3.918353E+3
1.870000E+0	3.331110E+3
1.875000E+0	2.436593E+3
1.880000E+0	3.103452E+3
1.885000E+0	3.576863E+3
1.890000E+0	3.230112E+3
1.895000E+0	1.608858E+3
1.900000E+0	3.425861E+3
1.905000E+0	4.149634E+3
1.910000E+0	3.625560E+3
1.915000E+0	6.732225E+2
1.920000E+0	3.974619E+3
1.925000E+0	2.688274E+3
1.930000E+0	3.012658E+3
1.935000E+0	2.002661E+3
1.940000E+0	2.533648E+3
1.945000E+0	3.815717E+3
1.950000E+0	2.432980E+3
1.955000E+0	-1.643864E+2
1.960000E+0	1.370665E+3
1.965000E+0	4.828008E+3
1.970000E+0	3.463689E+3
1.975000E+0	3.742004E+3
1.980000E+0	-7.545956E+2
1.985000E+0	3.135366E+3
1.990000E+0	3.064298E+3
1.995000E+0	2.373101E+3
2.000000E+0	2.219465E+3
2.005000E+0	-2.517966E+3
2.010000E+0	-5.013672E+3
2.015000E+0	1.388439E+3
2.020000E+0	2.911984E+3
2.025000E+0	3.008049E+3
2.030000E+0	3.111350E+3
2.035000E+0	2.607012E+3
2.040000E+0	3.156752E+3
2.045000E+0	3.486069E+3
2.050000E+0	3.711755E+3
2.055000E+0	3.133723E+3
2.060000E+0	3.579503E+3
2.065000E+0	3.523576E+3
2.070000E+0	2.716567E+3
2.075000E+0	2.540559E+3
2.080000E+0	3.979225E+3
2.085000E+0	3.800584E+3
2.090000E+0	4.033508E+3
2.095000E+0	2.866584E+3
2.100000E+0	2.669521E+3
2.105000E+0	3.165965E+3
2.110000E+0	3.246238E+3
2.115000E+0	3.365331E+3
2.120000E+0	2.503712E+3
2.125000E+0	2.706369E+3
2.130000E+0	3.778872E+3
2.135000E+0	3.667673E+3
2.140000E+0	1.573005E+3
2.145000E+0	4.447374E+3
2.150000E+0	3.780845E+3
2.155000E+0	1.642092E+3
2.160000E+0	2.446795E+3
2.165000E+0	3.775908E+3
2.170000E+0	3.867038E+3
2.175000E+0	2.523121E+3
2.180000E+0	3.042593E+3
2.185000E+0	4.472377E+3
2.190000E+0	2.851452E+3
2.195000E+0	1.933903E+3
2.200000E+0	2.488906E+3
2.205000E+0	4.917826E+3
2.210000E+0	3.059373E+3
2.215000E+0	2.321124E+3
2.220000E+0	3.545618E+3
2.225000E+0	3.326510E+3
2.230000E+0	2.494827E+3
2.235000E+0	1.413447E+3
2.240000E+0	3.515023E+3
2.245000E+0	4.139113E+3
2.250000E+0	2.759992E+3
2.255000E+0	2.661949E+3
2.260000E+0	3.512384E+3
2.265000E+0	3.693329E+3
2.270000E+0	4.096339E+3
2.275000E+0	3.112006E+3
2.280000E+0	4.048306E+3
2.285000E+0	4.637196E+3
2.290000E+0	2.557004E+3
2.295000E+0	2.623130E+3
2.300000E+0	3.732151E+3
2.305000E+0	3.286043E+3
2.310000E+0	2.731369E+3
2.315000E+0	2.702418E+3
2.320000E+0	3.659445E+3
2.325000E+0	4.175956E+3
2.330000E+0	2.599115E+3
2.335000E+0	2.686296E+3
2.340000E+0	4.012448E+3
2.345000E+0	3.095228E+3
2.350000E+0	2.648134E+3
2.355000E+0	2.823155E+3
2.360000E+0	3.879537E+3
2.365000E+0	3.516333E+3
2.370000E+0	3.383751E+3
2.375000E+0	3.507780E+3
2.380000E+0	2.534313E+3
2.385000E+0	4.493768E+3
2.390000E+0	3.279142E+3
2.395000E+0	1.552605E+3
2.400000E+0	3.576539E+3
2.405000E+0	3.532453E+3
2.410000E+0	2.380666E+3
2.415000E+0	2.156625E+3
2.420000E+0	-2.392624E+3
2.425000E+0	-7.052406E+2
2.430000E+0	4.080878E+3
2.435000E+0	3.093912E+3
2.440000E+0	5.039546E+3
2.445000E+0	4.373015E+3
2.450000E+0	5.157981E+3
2.455000E+0	3.608117E+3
2.460000E+0	3.712407E+3
2.465000E+0	4.070351E+3
2.470000E+0	4.274330E+3
2.475000E+0	4.345720E+3
2.480000E+0	3.298550E+3
2.485000E+0	4.080886E+3
2.490000E+0	3.250849E+3
2.495000E+0	4.909937E+3
2.500000E+0	2.929755E+3
2.505000E+0	2.624453E+3
2.510000E+0	3.333088E+3
2.515000E+0	3.215967E+3
2.520000E+0	3.186687E+3
2.525000E+0	3.207419E+3
2.530000E+0	4.313143E+3
2.535000E+0	3.860782E+3
2.540000E+0	3.257419E+3
2.545000E+0	3.821306E+3
2.550000E+0	4.120027E+3
2.555000E+0	4.232212E+3
2.560000E+0	2.724788E+3
2.565000E+0	4.218394E+3
2.570000E+0	4.592126E+3
2.575000E+0	3.907172E+3
2.580000E+0	3.478172E+3
2.585000E+0	5.118507E+3
2.590000E+0	4.314789E+3
2.595000E+0	3.426850E+3
2.600000E+0	4.106210E+3
2.605000E+0	3.689382E+3
2.610000E+0	4.040412E+3
2.615000E+0	3.456457E+3
2.620000E+0	4.845117E+3
2.625000E+0	3.968364E+3
2.630000E+0	4.698718E+3
2.635000E+0	5.302739E+3
2.640000E+0	4.107854E+3
2.645000E+0	4.320710E+3
2.650000E+0	4.306238E+3
2.655000E+0	3.525224E+3
2.660000E+0	4.075616E+3
2.665000E+0	3.111348E+3
2.670000E+0	3.693991E+3
2.675000E+0	3.506468E+3
2.680000E+0	3.833483E+3
2.685000E+0	3.185370E+3
2.690000E+0	3.829858E+3
2.695000E+0	4.332882E+3
2.700000E+0	3.981522E+3
2.705000E+0	4.489481E+3
2.710000E+0	4.125621E+3
2.715000E+0	3.985801E+3
2.720000E+0	4.611865E+3
2.725000E+0	5.244839E+3
2.730000E+0	3.118260E+3
2.735000E+0	2.190513E+3
2.740000E+0	-3.188774E+3
2.745000E+0	2.056285E+3
2.750000E+0	4.552977E+3
2.755000E+0	6.522958E+3
2.760000E+0	5.586327E+3
2.765000E+0	4.814520E+3
2.770000E+0	4.112788E+3
2.775000E+0	3.987114E+3
2.780000E+0	2.895531E+3
2.785000E+0	4.927692E+3
2.790000E+0	4.688846E+3
2.795000E+0	4.691151E+3
2.800000E+0	4.187797E+3
2.805000E+0	4.513166E+3
2.810000E+0	4.913217E+3
2.815000E+0	5.119163E+3
2.820000E+0	3.842360E+3
2.825000E+0	4.495731E+3
2.830000E+0	4.220695E+3
2.835000E+0	3.964743E+3
2.840000E+0	4.450989E+3
2.845000E+0	4.820113E+3
2.850000E+0	5.004018E+3
2.855000E+0	7.189472E+2
2.860000E+0	5.502765E+3
2.865000E+0	3.502518E+3
2.870000E+0	4.097001E+3
2.875000E+0	4.655619E+3
2.880000E+0	3.320586E+3
2.885000E+0	3.596936E+3
2.890000E+0	3.679513E+3
2.895000E+0	5.305373E+3
2.900000E+0	3.588711E+3
2.905000E+0	2.585954E+3
2.910000E+0	5.384658E+3
2.915000E+0	6.377215E+3
2.920000E+0	2.508641E+3
2.925000E+0	3.179119E+3
2.930000E+0	6.473609E+3
2.935000E+0	3.681157E+3
2.940000E+0	3.400201E+3
2.945000E+0	4.355253E+3
2.950000E+0	5.726806E+3
2.955000E+0	3.205769E+3
2.960000E+0	3.116284E+3
2.965000E+0	4.808601E+3
2.970000E+0	4.357555E+3
2.975000E+0	2.877766E+3
2.980000E+0	3.897629E+3
2.985000E+0	6.221933E+3
2.990000E+0	4.230896E+3
2.995000E+0	2.625433E+3
3.000000E+0	5.127060E+3
3.005000E+0	3.360722E+3
3.010000E+0	2.666886E+3
3.015000E+0	4.170361E+3
3.020000E+0	6.068624E+3
3.025000E+0	4.038437E+3
3.030000E+0	3.146549E+3
3.035000E+0	4.974739E+3
3.040000E+0	5.780102E+3
3.045000E+0	2.857370E+3
3.050000E+0	4.703652E+3
3.055000E+0	6.189365E+3
3.060000E+0	4.091736E+3
3.065000E+0	3.238999E+3
3.070000E+0	4.892821E+3
3.075000E+0	5.626137E+3
3.080000E+0	3.498240E+3
3.085000E+0	1.696701E+3
3.090000E+0	6.127187E+3
3.095000E+0	4.681940E+3
3.100000E+0	3.026471E+3
3.105000E+0	4.513497E+3
3.110000E+0	5.230035E+3
3.115000E+0	3.333088E+3
3.120000E+0	1.279874E+3
3.125000E+0	3.101152E+3
3.130000E+0	4.193722E+3
3.135000E+0	4.110816E+3
3.140000E+0	2.938632E+3
3.145000E+0	5.453091E+3
3.150000E+0	4.195695E+3
3.155000E+0	3.762746E+3
3.160000E+0	4.212802E+3
3.165000E+0	5.028694E+3
3.170000E+0	4.691810E+3
3.175000E+0	3.316968E+3
3.180000E+0	5.206348E+3
3.185000E+0	5.133313E+3
3.190000E+0	3.940072E+3
3.195000E+0	4.321041E+3
3.200000E+0	5.643903E+3
3.205000E+0	4.490141E+3
3.210000E+0	3.739719E+3
3.215000E+0	4.163127E+3
3.220000E+0	5.532704E+3
3.225000E+0	3.739720E+3
3.230000E+0	2.675771E+3
3.235000E+0	5.966969E+3
3.240000E+0	4.995467E+3
3.245000E+0	3.807820E+3
3.250000E+0	4.164443E+3
3.255000E+0	5.747207E+3
3.260000E+0	4.398024E+3
3.265000E+0	2.343165E+3
3.270000E+0	5.307017E+3
3.275000E+0	6.583493E+3
3.280000E+0	3.551208E+3
3.285000E+0	2.761636E+3
3.290000E+0	5.688649E+3
3.295000E+0	5.435334E+3
3.300000E+0	3.317311E+3
3.305000E+0	3.504170E+3
3.310000E+0	6.281158E+3
3.315000E+0	6.590741E+3
3.320000E+0	-7.887706E+3
3.325000E+0	5.266886E+3
3.330000E+0	7.051647E+3
3.335000E+0	6.236083E+3
3.340000E+0	2.438573E+3
3.345000E+0	5.054355E+3
3.350000E+0	5.661341E+3
3.355000E+0	2.909405E+2
3.360000E+0	6.860508E+3
3.365000E+0	6.253196E+3
3.370000E+0	5.576800E+3
3.375000E+0	4.278613E+3
3.380000E+0	1.028537E+3
3.385000E+0	7.725746E+3
3.390000E+0	6.987171E+3
3.395000E+0	4.562852E+3
3.400000E+0	2.970876E+3
3.405000E+0	2.686957E+3
3.410000E+0	5.530074E+3
3.415000E+0	3.792689E+3
3.420000E+0	5.174438E+3
3.425000E+0	6.444662E+3
3.430000E+0	4.877362E+3
3.435000E+0	1.708219E+3
3.440000E+0	6.226217E+3
3.445000E+0	4.161487E+3
3.450000E+0	1.705914E+3
3.455000E+0	5.104368E+3
3.460000E+0	4.306578E+3
3.465000E+0	5.350456E+3
3.470000E+0	3.342972E+3
3.475000E+0	6.437761E+3
3.480000E+0	6.242344E+3
3.485000E+0	3.916725E+3
3.490000E+0	4.278286E+3
3.495000E+0	5.710702E+3
3.500000E+0	3.798293E+3
3.505000E+0	5.620888E+3
3.510000E+0	3.997331E+3
3.515000E+0	5.341247E+3
3.520000E+0	4.590166E+3
3.525000E+0	3.454499E+3
3.530000E+0	4.806971E+3
3.535000E+0	6.426252E+3
3.540000E+0	4.072339E+3
3.545000E+0	2.887316E+3
3.550000E+0	3.593324E+3
3.555000E+0	6.628570E+3
3.560000E+0	4.001598E+3
3.565000E+0	2.913634E+3
3.570000E+0	6.325901E+3
3.575000E+0	4.884603E+3
3.580000E+0	3.892046E+3
3.585000E+0	5.326434E+3
3.590000E+0	5.581401E+3
3.595000E+0	5.143517E+3
3.600000E+0	3.057741E+3
3.605000E+0	5.920922E+3
3.610000E+0	5.492910E+3
3.615000E+0	3.093929E+3
3.620000E+0	5.350130E+3
3.625000E+0	6.962503E+3
3.630000E+0	4.083856E+3
3.635000E+0	3.672949E+3
3.640000E+0	6.978295E+3
3.645000E+0	5.568251E+3
3.650000E+0	3.526879E+3
3.655000E+0	3.557147E+3
3.660000E+0	5.696886E+3
3.665000E+0	5.593254E+3
3.670000E+0	2.835676E+3
3.675000E+0	4.366129E+3
3.680000E+0	6.252217E+3
3.685000E+0	4.552005E+3
3.690000E+0	4.038456E+3
3.695000E+0	4.451006E+3
3.700000E+0	6.137729E+3
3.705000E+0	1.229635E+1
3.710000E+0	3.782172E+3
3.715000E+0	7.294782E+3
3.720000E+0	5.122802E+3
3.725000E+0	4.408240E+3
3.730000E+0	4.385210E+3
3.735000E+0	6.669047E+3
3.740000E+0	6.194645E+3
3.745000E+0	3.924956E+3
3.750000E+0	4.531938E+3
3.755000E+0	6.138059E+3
3.760000E+0	4.704329E+3
3.765000E+0	3.235726E+3
3.770000E+0	4.859940E+3
3.775000E+0	5.374807E+3
3.780000E+0	5.439946E+3
3.785000E+0	4.095700E+3
3.790000E+0	6.336769E+3
3.795000E+0	5.639972E+3
3.800000E+0	4.258550E+3
3.805000E+0	3.866725E+3
3.810000E+0	3.933839E+3
3.815000E+0	6.164050E+3
3.820000E+0	3.995360E+3
3.825000E+0	5.381717E+3
3.830000E+0	6.171288E+3
3.835000E+0	4.617477E+3
3.840000E+0	4.623399E+3
3.845000E+0	4.270394E+3
3.850000E+0	4.608595E+3
3.855000E+0	5.217552E+3
3.860000E+0	4.674393E+3
3.865000E+0	4.994168E+3
3.870000E+0	5.826180E+3
3.875000E+0	4.716831E+3
3.880000E+0	3.280468E+3
3.885000E+0	4.675707E+3
3.890000E+0	4.838557E+3
3.895000E+0	4.527990E+3
3.900000E+0	4.048326E+3
3.905000E+0	5.469227E+3
3.910000E+0	6.269986E+3
3.915000E+0	4.087478E+3
3.920000E+0	5.789333E+3
3.925000E+0	6.391054E+3
3.930000E+0	4.170383E+3
3.935000E+0	4.308229E+3
3.940000E+0	4.832307E+3
3.945000E+0	7.085548E+3
3.950000E+0	4.367117E+3
3.955000E+0	3.557149E+3
3.960000E+0	6.117994E+3
3.965000E+0	5.981464E+3
3.970000E+0	3.921011E+3
3.975000E+0	6.357168E+3
3.980000E+0	5.515947E+3
3.985000E+0	1.056182E+3
3.990000E+0	4.791514E+3
3.995000E+0	5.848553E+3
4.000000E+0	6.610817E+3
4.005000E+0	4.424362E+3
4.010000E+0	4.860930E+3
4.015000E+0	7.320118E+3
4.020000E+0	3.589719E+3
4.025000E+0	4.866851E+3
4.030000E+0	5.971594E+3
4.035000E+0	5.775189E+3
4.040000E+0	5.665965E+3
4.045000E+0	6.385790E+3
4.050000E+0	3.122226E+3
4.055000E+0	7.577715E+3
4.060000E+0	4.720122E+3
4.065000E+0	5.559700E+3
4.070000E+0	6.507517E+3
4.075000E+0	4.101296E+3
4.080000E+0	5.180377E+3
4.085000E+0	5.956133E+3
4.090000E+0	3.207765E+3
4.095000E+0	5.922247E+3
4.100000E+0	3.447597E+3
4.105000E+0	6.975667E+3
4.110000E+0	4.232233E+3
4.115000E+0	5.481073E+3
4.120000E+0	3.814090E+3
4.125000E+0	4.553984E+3
4.130000E+0	4.808621E+3
4.135000E+0	4.561552E+3
4.140000E+0	5.497853E+3
4.145000E+0	5.954818E+3
4.150000E+0	3.838765E+3
4.155000E+0	5.493907E+3
4.160000E+0	6.133459E+3
4.165000E+0	4.299021E+3
4.170000E+0	6.118655E+3
4.175000E+0	4.919820E+3
4.180000E+0	5.879480E+3
4.185000E+0	4.391466E+3
4.190000E+0	-7.402438E+3
4.195000E+0	3.416669E+3
4.200000E+0	6.118978E+3
4.205000E+0	7.038503E+3
4.210000E+0	8.404135E+3
4.215000E+0	4.108536E+3
4.220000E+0	4.855997E+3
4.225000E+0	4.088139E+3
4.230000E+0	3.903905E+3
4.235000E+0	5.884742E+3
4.240000E+0	5.613987E+3
4.245000E+0	6.055817E+3
4.250000E+0	2.645526E+3
4.255000E+0	7.610615E+3
4.260000E+0	5.396523E+3
4.265000E+0	6.376908E+3
4.270000E+0	3.694010E+3
4.275000E+0	6.484817E+3
4.280000E+0	6.522651E+3
4.285000E+0	4.959628E+3
4.290000E+0	4.412848E+3
4.295000E+0	5.946263E+3
4.300000E+0	5.959094E+3
4.305000E+0	4.529970E+3
4.310000E+0	6.125235E+3
4.315000E+0	4.115445E+3
4.320000E+0	3.354167E+3
4.325000E+0	6.651284E+3
4.330000E+0	5.630764E+3
4.335000E+0	4.721112E+3
4.340000E+0	5.527133E+3
4.345000E+0	6.364737E+3
4.350000E+0	2.819561E+3
4.355000E+0	5.231702E+3
4.360000E+0	5.897904E+3
4.365000E+0	4.134197E+3
4.370000E+0	2.432669E+3
4.375000E+0	3.594982E+3
4.380000E+0	3.605506E+3
4.385000E+0	6.688455E+3
4.390000E+0	5.349799E+3
4.395000E+0	3.467331E+3
4.400000E+0	5.705768E+3
4.405000E+0	5.192876E+3
4.410000E+0	3.229803E+3
4.415000E+0	6.931583E+3
4.420000E+0	4.615507E+3
4.425000E+0	5.908103E+3
4.430000E+0	4.543129E+3
4.435000E+0	4.455950E+3
4.440000E+0	6.406191E+3
4.445000E+0	5.173471E+3
4.450000E+0	5.458704E+3
4.455000E+0	6.268673E+3
4.460000E+0	6.076543E+3
4.465000E+0	2.834688E+3
4.470000E+0	4.721771E+3
4.475000E+0	7.064497E+3
4.480000E+0	4.149990E+3
4.485000E+0	6.068319E+3
4.490000E+0	7.179973E+3
4.495000E+0	3.334758E+3
4.500000E+0	3.742702E+3
4.505000E+0	5.039902E+3
4.510000E+0	8.393937E+3
4.515000E+0	6.484485E+3
4.520000E+0	4.679985E+3
4.525000E+0	7.589228E+3
4.530000E+0	4.858296E+3
4.535000E+0	3.286393E+3
4.540000E+0	6.640099E+3
4.545000E+0	3.814747E+3
4.550000E+0	4.144723E+3
4.555000E+0	4.919818E+3
4.560000E+0	6.207809E+3
4.565000E+0	5.227425E+3
4.570000E+0	5.017859E+3
4.575000E+0	4.315470E+3
4.580000E+0	3.678220E+3
4.585000E+0	5.258352E+3
4.590000E+0	6.238409E+3
4.595000E+0	4.765527E+3
4.600000E+0	4.516483E+3
4.605000E+0	7.502380E+3
4.610000E+0	5.110636E+3
4.615000E+0	7.316174E+3
4.620000E+0	5.774535E+3
4.625000E+0	3.534126E+3
4.630000E+0	5.214596E+3
4.635000E+0	6.325919E+3
4.640000E+0	7.664902E+3
4.645000E+0	4.734274E+3
4.650000E+0	5.897577E+3
4.655000E+0	3.462406E+3
4.660000E+0	3.846335E+3
4.665000E+0	6.454225E+3
4.670000E+0	-4.520828E+3
4.675000E+0	-1.268785E+3
4.680000E+0	7.959665E+3
4.685000E+0	5.506070E+3
4.690000E+0	7.246747E+3
4.695000E+0	4.401329E+3
4.700000E+0	5.510675E+3
4.705000E+0	6.515407E+3
4.710000E+0	4.494760E+3
4.715000E+0	7.378013E+3
4.720000E+0	4.305592E+3
4.725000E+0	7.391830E+3
4.730000E+0	4.141096E+3
4.735000E+0	3.000171E+3
4.740000E+0	5.639318E+3
4.745000E+0	4.534249E+3
4.750000E+0	6.434483E+3
4.755000E+0	7.401051E+3
4.760000E+0	5.178076E+3
4.765000E+0	6.959877E+3
4.770000E+0	2.911679E+3
4.775000E+0	6.371648E+3
4.780000E+0	4.065439E+3
4.785000E+0	6.290715E+3
4.790000E+0	5.600169E+3
4.795000E+0	6.724651E+3
4.800000E+0	6.013706E+3
4.805000E+0	4.218747E+3
4.810000E+0	5.585040E+3
4.815000E+0	6.269662E+3
4.820000E+0	3.878248E+3
4.825000E+0	6.094313E+3
4.830000E+0	6.854934E+3
4.835000E+0	3.835809E+3
4.840000E+0	6.061743E+3
4.845000E+0	6.596350E+3
4.850000E+0	5.553786E+3
4.855000E+0	7.104965E+3
4.860000E+0	5.576158E+3
4.865000E+0	3.305806E+3
4.870000E+0	6.523641E+3
4.875000E+0	7.355983E+3
4.880000E+0	3.961153E+3
4.885000E+0	7.237547E+3
4.890000E+0	3.321270E+3
4.895000E+0	4.015433E+3
4.900000E+0	7.231954E+3
4.905000E+0	7.068443E+3
4.910000E+0	3.167299E+3
4.915000E+0	5.111948E+3
4.920000E+0	6.768736E+3
4.925000E+0	7.102986E+3
4.930000E+0	3.619331E+3
4.935000E+0	4.755979E+3
4.940000E+0	3.683477E+3
4.945000E+0	6.273931E+3
4.950000E+0	2.813303E+3
4.955000E+0	4.520096E+3
4.960000E+0	6.031468E+3
4.965000E+0	5.176428E+3
4.970000E+0	3.200856E+3
4.975000E+0	4.740517E+3
4.980000E+0	4.784272E+3
4.985000E+0	7.580016E+3
4.990000E+0	3.519973E+3
4.995000E+0	5.514627E+3
5.000000E+0	5.407706E+3
5.005000E+0	6.214056E+3
5.010000E+0	6.649308E+3
5.015000E+0	3.853236E+3
5.020000E+0	4.225323E+3
5.025000E+0	7.369792E+3
5.030000E+0	3.745000E+3
5.035000E+0	5.571551E+3
5.040000E+0	5.213285E+3
5.045000E+0	6.775322E+3
5.050000E+0	5.503453E+3
5.055000E+0	5.308035E+3
5.060000E+0	7.068781E+3
5.065000E+0	5.739667E+3
5.070000E+0	4.274025E+3
5.075000E+0	6.238736E+3
5.080000E+0	4.095375E+3
5.085000E+0	4.747758E+3
5.090000E+0	7.208262E+3
5.095000E+0	4.595765E+3
5.100000E+0	5.960079E+3
5.105000E+0	6.690761E+3
5.110000E+0	3.028136E+3
5.115000E+0	8.247864E+3
5.120000E+0	6.168666E+3
5.125000E+0	3.309759E+3
5.130000E+0	6.548977E+3
5.135000E+0	4.635909E+3
5.140000E+0	3.976616E+3
5.145000E+0	5.684393E+3
5.150000E+0	7.595487E+3
5.155000E+0	4.555308E+3
5.160000E+0	5.617940E+3
5.165000E+0	6.289075E+3
5.170000E+0	6.262756E+3
5.175000E+0	5.373829E+3
5.180000E+0	3.852591E+3
5.185000E+0	6.620697E+3
5.190000E+0	6.737160E+3
5.195000E+0	3.653224E+3
5.200000E+0	5.347512E+3
5.205000E+0	6.222292E+3
5.210000E+0	4.512864E+3
5.215000E+0	3.274218E+3
5.220000E+0	7.054952E+3
5.225000E+0	5.179060E+3
5.230000E+0	7.261555E+3
5.235000E+0	5.315918E+3
5.240000E+0	7.082916E+3
5.245000E+0	5.704453E+3
5.250000E+0	3.602219E+3
5.255000E+0	7.365845E+3
5.260000E+0	4.390802E+3
5.265000E+0	4.735583E+3
5.270000E+0	7.350382E+3
5.275000E+0	4.946793E+3
5.280000E+0	3.835473E+3
5.285000E+0	7.651078E+3
5.290000E+0	5.714324E+3
5.295000E+0	8.626857E+3
5.300000E+0	4.167092E+3
5.305000E+0	5.418563E+3
5.310000E+0	7.090153E+3
5.315000E+0	4.829015E+3
5.320000E+0	3.813099E+3
5.325000E+0	6.210438E+3
5.330000E+0	4.519439E+3
5.335000E+0	7.139831E+3
5.340000E+0	3.310078E+3
5.345000E+0	4.020035E+3
5.350000E+0	7.119433E+3
5.355000E+0	4.223019E+3
5.360000E+0	4.822435E+3
5.365000E+0	6.448954E+3
5.370000E+0	5.954812E+3
5.375000E+0	5.696228E+3
5.380000E+0	7.603374E+3
5.385000E+0	3.562411E+3
5.390000E+0	5.807429E+3
5.395000E+0	8.375841E+3
5.400000E+0	5.964684E+3
5.405000E+0	4.067737E+3
5.410000E+0	6.420988E+3
5.415000E+0	5.874540E+3
5.420000E+0	3.629526E+3
5.425000E+0	5.309350E+3
5.430000E+0	4.243431E+3
5.435000E+0	6.352902E+3
5.440000E+0	6.836187E+3
5.445000E+0	4.965230E+3
5.450000E+0	1.437486E+3
5.455000E+0	5.472855E+3
5.460000E+0	6.365070E+3
5.465000E+0	4.452003E+3
5.470000E+0	7.033244E+3
5.475000E+0	4.849091E+3
5.480000E+0	2.752124E+3
5.485000E+0	8.593970E+3
5.490000E+0	4.890218E+3
5.495000E+0	8.052125E+3
5.500000E+0	8.237017E+3
5.505000E+0	4.310542E+3
5.510000E+0	5.114917E+3
5.515000E+0	7.900792E+3
5.520000E+0	5.533063E+3
5.525000E+0	6.346980E+3
5.530000E+0	5.174465E+3
5.535000E+0	7.197744E+3
5.540000E+0	7.216825E+3
5.545000E+0	4.406280E+3
5.550000E+0	6.967124E+3
5.555000E+0	5.826522E+3
5.560000E+0	4.944834E+3
5.565000E+0	5.384691E+3
5.570000E+0	7.252358E+3
5.575000E+0	4.584263E+3
5.580000E+0	6.400936E+3
5.585000E+0	6.458181E+3
5.590000E+0	5.858105E+3
5.595000E+0	4.426349E+3
5.600000E+0	7.330658E+3
5.605000E+0	5.040569E+3
5.610000E+0	4.765537E+3
5.615000E+0	5.567281E+3
5.620000E+0	1.759238E+3
5.625000E+0	-5.986245E+2
5.630000E+0	6.547654E+3
5.635000E+0	5.133330E+3
5.640000E+0	3.850935E+3
5.645000E+0	6.938490E+3
5.650000E+0	6.153194E+3
5.655000E+0	4.350997E+3
5.660000E+0	7.307286E+3
5.665000E+0	6.797354E+3
5.670000E+0	4.817504E+3
5.675000E+0	5.740645E+3
5.680000E+0	8.445259E+3
5.685000E+0	5.498510E+3
5.690000E+0	3.061700E+3
5.695000E+0	3.044592E+3
5.700000E+0	3.247576E+3
5.705000E+0	4.121373E+3
5.710000E+0	5.879489E+3
5.715000E+0	9.454937E+3
5.720000E+0	6.539442E+3
5.725000E+0	4.582291E+3
5.730000E+0	8.001794E+3
5.735000E+0	4.300346E+3
5.740000E+0	7.955073E+3
5.745000E+0	8.119564E+3
5.750000E+0	5.706109E+3
5.755000E+0	6.430212E+3
5.760000E+0	8.160035E+3
5.765000E+0	4.474052E+3
5.770000E+0	6.481538E+3
5.775000E+0	5.887055E+3
5.780000E+0	5.327777E+3
5.785000E+0	7.599442E+3
5.790000E+0	5.104723E+3
5.795000E+0	5.108013E+3
5.800000E+0	7.773145E+3
5.805000E+0	4.327323E+3
5.810000E+0	5.836392E+3
5.815000E+0	7.368820E+3
5.820000E+0	3.272586E+3
5.825000E+0	7.502389E+3
5.830000E+0	7.614246E+3
5.835000E+0	5.040571E+3
5.840000E+0	5.187629E+3
5.845000E+0	5.153413E+3
5.850000E+0	3.041968E+3
5.855000E+0	7.658660E+3
5.860000E+0	6.220979E+3
5.865000E+0	4.560905E+3
5.870000E+0	5.554123E+3
5.875000E+0	5.919630E+3
5.880000E+0	4.102299E+3
5.885000E+0	5.049783E+3
5.890000E+0	5.341268E+3
5.895000E+0	6.139053E+3
5.900000E+0	8.253131E+3
5.905000E+0	4.783292E+3
5.910000E+0	6.965801E+3
5.915000E+0	4.503980E+3
5.920000E+0	6.441721E+3
5.925000E+0	7.492510E+3
5.930000E+0	5.686693E+3
5.935000E+0	3.742372E+3
5.940000E+0	8.115285E+3
5.945000E+0	5.212950E+3
5.950000E+0	5.642609E+3
5.955000E+0	8.609755E+3
5.960000E+0	6.081150E+3
5.965000E+0	5.924880E+3
5.970000E+0	5.547860E+3
5.975000E+0	4.579646E+3
5.980000E+0	6.422311E+3
5.985000E+0	4.270069E+3
5.990000E+0	7.797153E+3
5.995000E+0	6.365066E+3
6.000000E+0	7.370783E+3
6.005000E+0	5.213607E+3
6.010000E+0	7.314196E+3
6.015000E+0	6.619052E+3
6.020000E+0	7.023710E+3
6.025000E+0	5.454763E+3
6.030000E+0	4.032875E+3
6.035000E+0	5.248814E+3
6.040000E+0	4.934627E+3
6.045000E+0	8.225168E+3
6.050000E+0	3.906210E+3
6.055000E+0	7.666544E+3
6.060000E+0	7.452374E+3
6.065000E+0	3.825608E+3
6.070000E+0	5.541280E+3
6.075000E+0	7.856700E+3
6.080000E+0	5.122807E+3
6.085000E+0	6.172280E+3
6.090000E+0	7.615226E+3
6.095000E+0	5.538003E+3
6.100000E+0	3.906224E+3
6.105000E+0	6.182163E+3
6.110000E+0	5.617948E+3
6.115000E+0	7.554043E+3
6.120000E+0	2.407350E+3
6.125000E+0	6.389099E+3
6.130000E+0	5.869955E+3
6.135000E+0	6.915480E+3
6.140000E+0	7.481997E+3
6.145000E+0	5.813039E+3
6.150000E+0	5.104727E+3
6.155000E+0	7.463573E+3
6.160000E+0	5.342916E+3
6.165000E+0	7.004307E+3
6.170000E+0	7.599447E+3
6.175000E+0	2.064217E+3
6.180000E+0	7.512262E+3
6.185000E+0	4.807982E+3
6.190000E+0	6.340738E+3
6.195000E+0	7.103662E+3
6.200000E+0	4.208236E+3
6.205000E+0	3.937149E+3
6.210000E+0	3.922012E+3
6.215000E+0	2.212585E+3
6.220000E+0	4.739544E+3
6.225000E+0	5.307984E+2
6.230000E+0	4.399371E+3
6.235000E+0	1.008495E+4
6.240000E+0	8.353803E+3
6.245000E+0	5.119851E+3
6.250000E+0	4.365815E+3
6.255000E+0	6.026553E+3
6.260000E+0	7.850135E+3
6.265000E+0	8.096876E+3
6.270000E+0	4.483269E+3
6.275000E+0	6.365740E+3
6.280000E+0	7.883363E+3
6.285000E+0	5.566627E+3
6.290000E+0	4.881017E+3
6.295000E+0	7.066487E+3
6.300000E+0	3.853586E+3
6.305000E+0	2.192846E+3
6.310000E+0	5.383377E+3
6.315000E+0	3.443334E+3
6.320000E+0	7.189852E+3
6.325000E+0	3.449585E+3
6.330000E+0	6.451932E+3
6.335000E+0	-4.005692E+2
6.340000E+0	8.637263E+2
6.345000E+0	8.760103E+3
6.350000E+0	6.112735E+3
6.355000E+0	4.290139E+3
6.360000E+0	8.486713E+3
6.365000E+0	-9.492156E+3
6.370000E+0	5.689991E+3
6.375000E+0	8.975263E+3
6.380000E+0	5.422515E+3
6.385000E+0	5.903165E+3
6.390000E+0	7.798469E+3
6.395000E+0	5.315265E+3
6.400000E+0	6.150236E+3
6.405000E+0	-7.414051E+2
6.410000E+0	6.268022E+3
6.415000E+0	6.903626E+3
6.420000E+0	4.462533E+3
6.425000E+0	6.998048E+3
6.430000E+0	5.766314E+3
6.435000E+0	9.575011E+3
6.440000E+0	7.467840E+3
6.445000E+0	5.001419E+3
6.450000E+0	7.848482E+3
6.455000E+0	5.381727E+3
6.460000E+0	8.441976E+3
6.465000E+0	6.254533E+3
6.470000E+0	8.629502E+3
6.475000E+0	6.549637E+3
6.480000E+0	3.580765E+2
6.485000E+0	1.001158E+4
6.490000E+0	-2.619595E+3
6.495000E+0	8.189312E+3
6.500000E+0	2.957408E+3
6.505000E+0	9.191407E+3
6.510000E+0	5.763678E+3
6.515000E+0	7.825119E+3
6.520000E+0	4.632619E+3
6.525000E+0	4.978389E+3
6.530000E+0	1.296194E+4
6.535000E+0	6.980277E+3
6.540000E+0	6.849339E+3
6.545000E+0	9.279575E+3
6.550000E+0	5.366589E+3
6.555000E+0	4.835931E+3
6.560000E+0	7.968229E+3
6.565000E+0	5.382053E+3
6.570000E+0	-4.397147E+2
6.575000E+0	9.586863E+3
6.580000E+0	6.973052E+3
6.585000E+0	3.046902E+3
6.590000E+0	1.036820E+4
6.595000E+0	4.791520E+3
6.600000E+0	6.136093E+3
6.605000E+0	6.016342E+3
6.610000E+0	6.499624E+3
6.615000E+0	7.430665E+3
6.620000E+0	4.577022E+3
6.625000E+0	6.030490E+3
6.630000E+0	7.599435E+3
6.635000E+0	4.640844E+3
6.640000E+0	5.320206E+3
6.645000E+0	5.931793E+3
6.650000E+0	5.040894E+3
6.655000E+0	7.889603E+3
6.660000E+0	6.139055E+3
6.665000E+0	3.404838E+3
6.670000E+0	5.144536E+3
6.675000E+0	6.444367E+3
6.680000E+0	3.628558E+3
6.685000E+0	8.009036E+3
6.690000E+0	5.090251E+3
6.695000E+0	2.802137E+3
6.700000E+0	5.175128E+3
6.705000E+0	1.039945E+4
6.710000E+0	6.834209E+3
6.715000E+0	9.259180E+3
6.720000E+0	8.401836E+3
6.725000E+0	8.824586E+3
6.730000E+0	6.605228E+3
6.735000E+0	3.882523E+3
6.740000E+0	8.998289E+3
6.745000E+0	6.957246E+3
6.750000E+0	4.994501E+3
6.755000E+0	7.113185E+3
6.760000E+0	7.594824E+3
6.765000E+0	4.914886E+3
6.770000E+0	6.670037E+3
6.775000E+0	7.989939E+3
6.780000E+0	5.172156E+3
6.785000E+0	5.043522E+3
6.790000E+0	8.439012E+3
6.795000E+0	6.254528E+3
6.800000E+0	5.099120E+3
6.805000E+0	8.452168E+3
6.810000E+0	5.366587E+3
6.815000E+0	4.305930E+3
6.820000E+0	1.475265E+2
6.825000E+0	3.241989E+3
6.830000E+0	6.730249E+3
6.835000E+0	8.959144E+3
6.840000E+0	8.035673E+3
6.845000E+0	9.479272E+3
6.850000E+0	5.932779E+3
6.855000E+0	6.930598E+3
6.860000E+0	8.664698E+3
6.865000E+0	5.586025E+3
6.870000E+0	5.831450E+3
6.875000E+0	6.655566E+3
6.880000E+0	6.806571E+3
6.885000E+0	4.379956E+3
6.890000E+0	6.930601E+3
6.895000E+0	6.727616E+3
6.900000E+0	6.010093E+3
6.905000E+0	7.185897E+3
6.910000E+0	3.719678E+3
6.915000E+0	7.218467E+3
6.920000E+0	5.416269E+3
6.925000E+0	8.873608E+3
6.930000E+0	6.007472E+3
6.935000E+0	6.852314E+3
6.940000E+0	5.587355E+3
6.945000E+0	5.907461E+3
6.950000E+0	6.179861E+3
6.955000E+0	4.616507E+3
6.960000E+0	7.506664E+3
6.965000E+0	6.084776E+3
6.970000E+0	5.134330E+3
6.975000E+0	8.463361E+3
6.980000E+0	2.566904E+3
6.985000E+0	6.861516E+3
6.990000E+0	7.632663E+3
6.995000E+0	4.745463E+3
7.000000E+0	7.270121E+3
7.005000E+0	5.223809E+3
7.010000E+0	5.606749E+3
7.015000E+0	7.935333E+3
7.020000E+0	6.946393E+3
7.025000E+0	4.846459E+3
7.030000E+0	8.691018E+3
7.035000E+0	6.155837E+3
7.040000E+0	7.522779E+3
7.045000E+0	7.074040E+3
7.050000E+0	5.419886E+3
7.055000E+0	8.032052E+3
7.060000E+0	7.114175E+3
7.065000E+0	4.629655E+3
7.070000E+0	7.749779E+3
7.075000E+0	6.391715E+3
7.080000E+0	4.826391E+3
7.085000E+0	7.123056E+3
7.090000E+0	6.219326E+3
7.095000E+0	6.880920E+3
7.100000E+0	6.885197E+3
7.105000E+0	6.061082E+3
7.110000E+0	7.222083E+3
7.115000E+0	5.686367E+3
7.120000E+0	8.149831E+3
7.125000E+0	6.391389E+3
7.130000E+0	4.995823E+3
7.135000E+0	8.631801E+3
7.140000E+0	3.845353E+3
7.145000E+0	7.023056E+3
7.150000E+0	3.990769E+3
7.155000E+0	5.641956E+3
7.160000E+0	6.884213E+3
7.165000E+0	8.686410E+3
7.170000E+0	5.935408E+3
7.175000E+0	4.289811E+3
7.180000E+0	8.703846E+3
7.185000E+0	4.798427E+3
7.190000E+0	5.486347E+3
7.195000E+0	8.011333E+3
7.200000E+0	4.950754E+3
7.205000E+0	5.780791E+3
7.210000E+0	7.025683E+3
7.215000E+0	5.293560E+3
7.220000E+0	7.187216E+3
7.225000E+0	7.232939E+3
7.230000E+0	4.054913E+3
7.235000E+0	5.828817E+3
7.240000E+0	5.231702E+3
7.245000E+0	7.648450E+3
7.250000E+0	7.237544E+3
7.255000E+0	4.914230E+3
7.260000E+0	7.979086E+3
7.265000E+0	7.743859E+3
7.270000E+0	5.851848E+3
7.275000E+0	7.884998E+3
7.280000E+0	5.644914E+3
7.285000E+0	3.860813E+3
7.290000E+0	8.045214E+3
7.295000E+0	4.000303E+3
7.300000E+0	6.984553E+3
7.305000E+0	7.952108E+3
7.310000E+0	4.354949E+3
7.315000E+0	6.603914E+3
7.320000E+0	7.796168E+3
7.325000E+0	6.630564E+3
7.330000E+0	4.747434E+3
7.335000E+0	8.313994E+3
7.340000E+0	4.809612E+3
7.345000E+0	6.733536E+3
7.350000E+0	7.087528E+3
7.355000E+0	4.485560E+3
7.360000E+0	7.008241E+3
7.365000E+0	5.504763E+3
7.370000E+0	7.943226E+3
7.375000E+0	5.287961E+3
7.380000E+0	8.063307E+3
7.385000E+0	6.710836E+3
7.390000E+0	4.850407E+3
7.395000E+0	7.497123E+3
7.400000E+0	6.068982E+3
7.405000E+0	5.896263E+3
7.410000E+0	8.024159E+3
7.415000E+0	5.026747E+3
7.420000E+0	6.965802E+3
7.425000E+0	7.385593E+3
7.430000E+0	5.092218E+3
7.435000E+0	6.724000E+3
7.440000E+0	3.585781E+3
7.445000E+0	7.943892E+3
7.450000E+0	7.377046E+3
7.455000E+0	7.514235E+3
7.460000E+0	7.743210E+3
7.465000E+0	6.545691E+3
7.470000E+0	6.522000E+3
7.475000E+0	6.868750E+3
7.480000E+0	5.406725E+3
7.485000E+0	5.189922E+3
7.490000E+0	7.913945E+3
7.495000E+0	5.739005E+3
7.500000E+0	7.742543E+3
7.505000E+0	4.831654E+3
7.510000E+0	7.825449E+3
7.515000E+0	6.514758E+3
7.520000E+0	6.424615E+3
7.525000E+0	8.452171E+3
7.530000E+0	7.055616E+3
7.535000E+0	4.985623E+3
7.540000E+0	7.114834E+3
7.545000E+0	4.650383E+3
7.550000E+0	7.399742E+3
7.555000E+0	7.608982E+3
7.560000E+0	5.853501E+3
7.565000E+0	6.674981E+3
7.570000E+0	8.840051E+3
7.575000E+0	6.330858E+3
7.580000E+0	5.370214E+3
7.585000E+0	7.791899E+3
7.590000E+0	7.165830E+3
7.595000E+0	5.897251E+3
7.600000E+0	8.724247E+3
7.605000E+0	6.304866E+3
7.610000E+0	6.638131E+3
7.615000E+0	6.607867E+3
7.620000E+0	6.487788E+3
7.625000E+0	8.111016E+3
7.630000E+0	6.104516E+3
7.635000E+0	5.474174E+3
7.640000E+0	7.411256E+3
7.645000E+0	6.500289E+3
7.650000E+0	5.930484E+3
7.655000E+0	7.346453E+3
7.660000E+0	6.602604E+3
7.665000E+0	6.308816E+3
7.670000E+0	6.357176E+3
7.675000E+0	6.772032E+3
7.680000E+0	6.844408E+3
7.685000E+0	5.580767E+3
7.690000E+0	7.068447E+3
7.695000E+0	6.145305E+3
7.700000E+0	6.812496E+3
7.705000E+0	7.401384E+3
7.710000E+0	7.030944E+3
7.715000E+0	5.930148E+3
7.720000E+0	6.871713E+3
7.725000E+0	6.418038E+3
7.730000E+0	6.885531E+3
7.735000E+0	7.290846E+3
7.740000E+0	7.138850E+3
7.745000E+0	7.073710E+3
7.750000E+0	6.101888E+3
7.755000E+0	7.431326E+3
7.760000E+0	6.286774E+3
7.765000E+0	6.645700E+3
7.770000E+0	6.297632E+3
7.775000E+0	7.382965E+3
7.780000E+0	6.870072E+3
7.785000E+0	7.185244E+3
7.790000E+0	7.171755E+3
7.795000E+0	7.187874E+3
7.800000E+0	5.596887E+3
7.805000E+0	6.434819E+3
7.810000E+0	6.891125E+3
7.815000E+0	7.236236E+3
7.820000E+0	7.186887E+3
7.825000E+0	6.927971E+3
7.830000E+0	5.850205E+3
7.835000E+0	6.373297E+3
7.840000E+0	6.376915E+3
7.845000E+0	6.323620E+3
7.850000E+0	7.320454E+3
7.855000E+0	6.697023E+3
7.860000E+0	6.207491E+3
7.865000E+0	7.121091E+3
7.870000E+0	6.859544E+3
7.875000E+0	6.479561E+3
7.880000E+0	7.072726E+3
7.885000E+0	7.636284E+3
7.890000E+0	5.428444E+3
7.895000E+0	7.002982E+3
7.900000E+0	6.482521E+3
7.905000E+0	6.480548E+3
7.910000E+0	6.589444E+3
7.915000E+0	7.091480E+3
7.920000E+0	6.013718E+3
7.925000E+0	6.430874E+3
7.930000E+0	5.989370E+3
7.935000E+0	7.000681E+3
7.940000E+0	6.488449E+3
7.945000E+0	5.032344E+3
7.950000E+0	5.713348E+3
7.955000E+0	6.990151E+3
7.960000E+0	7.316507E+3
7.965000E+0	6.353887E+3
7.970000E+0	6.139388E+3
7.975000E+0	7.618192E+3
7.980000E+0	6.209794E+3
7.985000E+0	6.572335E+3
7.990000E+0	6.576283E+3
7.995000E+0	6.389089E+3
8.000000E+0	6.994099E+3
