applied voltage (volts)	measured current (nanoamps)	measured temperature (deg C)
-4.000000E+0	5.783165E+3
-3.990000E+0	4.223761E+3
-3.980000E+0	2.501508E+3
-3.970000E+0	-1.373974E+3
-3.960000E+0	2.934126E+3
-3.950000E+0	-2.882386E+3
-3.940000E+0	3.894024E+2
-3.930000E+0	1.887944E+3
-3.920000E+0	2.848590E+3
-3.910000E+0	-9.841225E+2
-3.900000E+0	1.613241E+3
-3.890000E+0	3.633227E+3
-3.880000E+0	-2.056626E+3
-3.870000E+0	-3.080511E+2
-3.860000E+0	1.501384E+3
-3.850000E+0	-1.235799E+3
-3.840000E+0	-3.148865E+3
-3.830000E+0	1.945519E+3
-3.820000E+0	-3.170248E+3
-3.810000E+0	-1.567146E+2
-3.800000E+0	1.687263E+3
-3.790000E+0	6.048922E+2
-3.780000E+0	-2.512272E+3
-3.770000E+0	-4.885921E+3
-3.760000E+0	-6.999672E+3
-3.750000E+0	-1.407785E+4
-3.740000E+0	-8.024469E+3
-3.730000E+0	1.894525E+3
-3.720000E+0	3.026244E+3
-3.710000E+0	-2.418511E+3
-3.700000E+0	-8.442284E+3
-3.690000E+0	-9.100979E+2
-3.680000E+0	-3.045233E+3
-3.670000E+0	-1.645390E+3
-3.660000E+0	3.865163E+3
-3.650000E+0	2.006381E+3
-3.640000E+0	-3.346257E+3
-3.630000E+0	-5.881112E+3
-3.620000E+0	-6.560471E+3
-3.610000E+0	-4.137474E+3
-3.600000E+0	4.888319E+3
-3.590000E+0	2.442291E+3
-3.580000E+0	-8.903596E+2
-3.570000E+0	3.595396E+3
-3.560000E+0	-5.514999E+2
-3.550000E+0	9.026305E+2
-3.540000E+0	3.567432E+3
-3.530000E+0	-4.672077E+3
-3.520000E+0	-4.823412E+3
-3.510000E+0	-2.826453E+3
-3.500000E+0	-6.150881E+3
-3.490000E+0	1.107033E+1
-3.480000E+0	-2.073068E+3
-3.470000E+0	-5.843978E+2
-3.460000E+0	1.178978E+3
-3.450000E+0	-2.023723E+3
-3.440000E+0	-4.267422E+3
-3.430000E+0	3.430903E+3
-3.420000E+0	-5.926236E+2
-3.410000E+0	2.810761E+3
-3.400000E+0	4.820876E+3
-3.390000E+0	-1.579587E+3
-3.380000E+0	-7.096723E+3
-3.370000E+0	-8.299171E+3
-3.360000E+0	-4.501004E+3
-3.350000E+0	1.295769E+3
-3.340000E+0	-2.342934E+4
-3.330000E+0	-1.173546E+4
-3.320000E+0	-2.341195E+3
-3.310000E+0	-5.317587E+2
-3.300000E+0	-2.351066E+3
-3.290000E+0	3.680222E+2
-3.280000E+0	-8.114940E+3
-3.270000E+0	-7.596784E+3
-3.260000E+0	-5.162272E+3
-3.250000E+0	7.522297E+1
-3.240000E+0	5.243627E+3
-3.230000E+0	-1.003859E+3
-3.220000E+0	-1.508857E+3
-3.210000E+0	-9.166765E+2
-3.200000E+0	5.233756E+3
-3.190000E+0	2.314912E+2
-3.180000E+0	-9.857684E+2
-3.170000E+0	4.847194E+3
-3.160000E+0	-1.551627E+3
-3.150000E+0	4.829099E+3
-3.140000E+0	-1.602620E+3
-3.130000E+0	-6.633583E+2
-3.120000E+0	8.911106E+2
-3.110000E+0	-4.034586E+2
-3.100000E+0	-4.591479E+3
-3.090000E+0	8.927590E+2
-3.080000E+0	3.694093E+3
-3.070000E+0	-1.039648E+4
-3.060000E+0	-3.061681E+3
-3.050000E+0	4.153030E+3
-3.040000E+0	3.804303E+3
-3.030000E+0	-1.286792E+3
-3.020000E+0	-1.169998E+3
-3.010000E+0	-1.112426E+3
-3.000000E+0	-4.834927E+3
-2.990000E+0	-5.201750E+3
-2.980000E+0	1.006259E+3
-2.970000E+0	5.045530E+2
-2.960000E+0	1.640498E+2
-2.950000E+0	4.396484E+3
-2.940000E+0	-1.438123E+3
-2.930000E+0	-7.965938E+2
-2.920000E+0	3.419389E+3
-2.910000E+0	3.240089E+3
-2.900000E+0	-5.986387E+3
-2.890000E+0	-1.113834E+4
-2.880000E+0	2.561646E+2
-2.870000E+0	-2.551751E+3
-2.860000E+0	5.485434E+3
-2.850000E+0	7.627147E+3
-2.840000E+0	5.736395E+2
-2.830000E+0	6.476584E+2
-2.820000E+0	4.615257E+3
-2.810000E+0	3.929317E+3
-2.800000E+0	-1.220756E+4
-2.790000E+0	-7.665874E+3
-2.780000E+0	-1.076241E+3
-2.770000E+0	-5.120249E+2
-2.760000E+0	-6.734837E+3
-2.750000E+0	-7.743188E+3
-2.740000E+0	-3.864414E+3
-2.730000E+0	-1.517826E+2
-2.720000E+0	2.149492E+3
-2.710000E+0	2.029409E+3
-2.700000E+0	-5.942725E+2
-2.690000E+0	-5.251828E+2
-2.680000E+0	4.058513E+2
-2.670000E+0	-3.012335E+3
-2.660000E+0	-3.479499E+3
-2.650000E+0	3.217055E+3
-2.640000E+0	8.170879E+2
-2.630000E+0	6.690414E+2
-2.620000E+0	4.228694E+3
-2.610000E+0	3.877583E+2
-2.600000E+0	-3.176832E+3
-2.590000E+0	-3.477853E+3
-2.580000E+0	-1.138673E+4
-2.570000E+0	-1.391501E+4
-2.560000E+0	-8.881486E+3
-2.550000E+0	-1.831270E+3
-2.540000E+0	-7.685615E+3
-2.530000E+0	-3.449889E+3
-2.520000E+0	-1.204547E+3
-2.510000E+0	-1.933254E+3
-2.500000E+0	2.065596E+3
-2.490000E+0	-2.928445E+3
-2.480000E+0	-7.118150E+1
-2.470000E+0	-1.043339E+3
-2.460000E+0	-6.288149E+2
-2.450000E+0	-2.390548E+3
-2.440000E+0	-2.408641E+3
-2.430000E+0	1.295767E+3
-2.420000E+0	-5.087322E+2
-2.410000E+0	-2.332973E+3
-2.400000E+0	1.586919E+3
-2.390000E+0	-1.232509E+3
-2.380000E+0	-1.523664E+3
-2.370000E+0	-2.972857E+3
-2.360000E+0	-2.602745E+3
-2.350000E+0	-5.849860E+3
-2.340000E+0	-4.274003E+3
-2.330000E+0	-2.323843E+2
-2.320000E+0	-4.912242E+3
-2.310000E+0	-9.044336E+3
-2.300000E+0	2.808381E+2
-2.290000E+0	2.494929E+3
-2.280000E+0	7.216818E+2
-2.270000E+0	5.380155E+3
-2.260000E+0	5.057746E+3
-2.250000E+0	1.608305E+3
-2.240000E+0	1.687261E+3
-2.230000E+0	5.061035E+3
-2.220000E+0	3.323978E+3
-2.210000E+0	-3.524672E+2
-2.200000E+0	-1.369790E+2
-2.190000E+0	2.156068E+3
-2.180000E+0	-2.094700E+0
-2.170000E+0	-4.430278E+3
-2.160000E+0	-4.728011E+3
-2.150000E+0	2.478476E+3
-2.140000E+0	-2.619967E+2
-2.130000E+0	-1.007930E+2
-2.120000E+0	1.815565E+3
-2.110000E+0	1.139495E+3
-2.100000E+0	-2.351071E+3
-2.090000E+0	8.039274E+2
-2.080000E+0	3.277919E+3
-2.070000E+0	3.736858E+3
-2.060000E+0	-9.676746E+2
-2.050000E+0	-1.082821E+3
-2.040000E+0	4.957403E+3
-2.030000E+0	-3.709790E+3
-2.020000E+0	-5.367010E+2
-2.010000E+0	3.379905E+3
-2.000000E+0	-5.876921E+2
-1.990000E+0	-1.059793E+3
-1.980000E+0	4.569197E+3
-1.970000E+0	2.466963E+3
-1.960000E+0	-3.413702E+3
-1.950000E+0	-6.748750E+2
-1.940000E+0	2.639681E+3
-1.930000E+0	-1.410162E+3
-1.920000E+0	1.279316E+3
-1.910000E+0	7.825431E+2
-1.900000E+0	4.206562E+2
-1.890000E+0	3.567430E+3
-1.880000E+0	-2.183173E+1
-1.870000E+0	-3.616028E+3
-1.860000E+0	-2.500758E+3
-1.850000E+0	-3.683471E+3
-1.840000E+0	2.842023E+0
-1.830000E+0	-2.051689E+3
-1.820000E+0	2.068169E+2
-1.810000E+0	-1.536821E+3
-1.800000E+0	-2.430025E+3
-1.790000E+0	1.353341E+3
-1.780000E+0	1.764577E+3
-1.770000E+0	-1.026890E+3
-1.760000E+0	8.713738E+2
-1.750000E+0	2.478480E+3
-1.740000E+0	2.185682E+3
-1.730000E+0	6.370629E+1
-1.720000E+0	9.059168E+2
-1.710000E+0	2.480124E+3
-1.700000E+0	-1.893774E+3
-1.690000E+0	-2.453054E+3
-1.680000E+0	2.628169E+3
-1.670000E+0	-3.491726E+2
-1.660000E+0	2.962092E+3
-1.650000E+0	1.573763E+3
-1.640000E+0	-2.629064E+3
-1.630000E+0	2.660340E+2
-1.620000E+0	1.822147E+3
-1.610000E+0	-2.895544E+3
-1.600000E+0	-2.967922E+3
-1.590000E+0	1.914266E+3
-1.580000E+0	2.573887E+3
-1.570000E+0	-9.298367E+2
-1.560000E+0	-3.770653E+3
-1.550000E+0	3.957283E+3
-1.540000E+0	-4.478697E+2
-1.530000E+0	-2.724469E+3
-1.520000E+0	-7.446805E+1
-1.510000E+0	1.354985E+3
-1.500000E+0	-2.374097E+3
-1.490000E+0	-1.390422E+3
-1.480000E+0	2.021187E+3
-1.470000E+0	2.723577E+3
-1.460000E+0	-3.387381E+3
-1.450000E+0	1.169106E+3
-1.440000E+0	7.660963E+2
-1.430000E+0	-3.853634E+2
-1.420000E+0	1.062185E+3
-1.410000E+0	-2.084585E+3
-1.400000E+0	-1.525306E+3
-1.390000E+0	-1.339428E+3
-1.380000E+0	-2.879092E+3
-1.370000E+0	-7.628039E+3
-1.360000E+0	-6.196939E+3
-1.350000E+0	-6.899328E+3
-1.340000E+0	-1.068599E+4
-1.330000E+0	-7.424065E+3
-1.320000E+0	-3.109385E+3
-1.310000E+0	-1.053794E+4
-1.300000E+0	-4.662207E+3
-1.290000E+0	1.672461E+3
-1.280000E+0	-9.084518E+2
-1.270000E+0	-3.425918E+2
-1.260000E+0	2.521250E+3
-1.250000E+0	-3.617670E+3
-1.240000E+0	-8.771993E+2
-1.230000E+0	3.475316E+3
-1.220000E+0	3.064081E+3
-1.210000E+0	-1.283499E+3
-1.200000E+0	1.804056E+3
-1.190000E+0	-1.304881E+3
-1.180000E+0	-8.607468E+2
-1.170000E+0	1.426666E+2
-1.160000E+0	2.726173E+2
-1.150000E+0	-3.186695E+3
-1.140000E+0	-8.920019E+2
-1.130000E+0	-4.412871E+2
-1.120000E+0	9.092092E+2
-1.110000E+0	-2.181636E+3
-1.100000E+0	-3.546941E+3
-1.090000E+0	8.121531E+2
-1.080000E+0	4.051044E+3
-1.070000E+0	-7.159986E+2
-1.060000E+0	-1.382200E+3
-1.050000E+0	-7.883745E+2
-1.040000E+0	-1.225928E+3
-1.030000E+0	-5.205039E+3
-1.020000E+0	-5.946906E+3
-1.010000E+0	-7.595140E+3
-1.000000E+0	-7.836945E+3
-9.900000E-1	-1.343962E+4
-9.800000E-1	-8.453797E+3
-9.700000E-1	6.131161E+2
-9.600000E-1	-2.796845E+3
-9.500000E-1	-3.537070E+3
-9.400000E-1	3.870100E+3
-9.300000E-1	2.552504E+3
-9.200000E-1	2.012960E+3
-9.100000E-1	1.405979E+3
-9.000000E-1	1.073700E+3
-8.900000E-1	-3.351192E+3
-8.800000E-1	-2.745852E+3
-8.700000E-1	-5.017515E+3
-8.600000E-1	-5.004356E+3
-8.500000E-1	-1.099264E+3
-8.400000E-1	-4.396446E+2
-8.300000E-1	-2.981802E+2
-8.200000E-1	-3.013977E+3
-8.100000E-1	-1.610843E+3
-8.000000E-1	1.549089E+3
-7.900000E-1	-2.443183E+3
-7.800000E-1	2.216933E+3
-7.700000E-1	4.327393E+3
-7.600000E-1	-4.264871E+2
-7.500000E-1	-1.783565E+3
-7.400000E-1	1.480001E+3
-7.300000E-1	2.554147E+3
-7.200000E-1	-1.479248E+3
-7.100000E-1	3.837206E+3
-7.000000E-1	3.644745E+3
-6.900000E-1	-1.691444E+3
-6.800000E-1	-2.092810E+3
-6.700000E-1	1.837886E+2
-6.600000E-1	-2.102680E+3
-6.500000E-1	1.883013E+3
-6.400000E-1	2.445582E+3
-6.300000E-1	-2.150385E+3
-6.200000E-1	1.637917E+3
-6.100000E-1	4.128355E+3
-6.000000E-1	-6.978991E+2
-5.900000E-1	-5.573507E+3
-5.800000E-1	-8.936483E+2
-5.700000E-1	3.615135E+3
-5.600000E-1	-1.439768E+3
-5.500000E-1	-2.884028E+3
-5.400000E-1	-2.850212E+2
-5.300000E-1	1.272739E+3
-5.200000E-1	-4.824134E+2
-5.100000E-1	-2.915989E+2
-5.000000E-1	1.981708E+3
-4.900000E-1	-6.436162E+2
-4.800000E-1	-8.936486E+2
-4.700000E-1	-3.508184E+2
-4.600000E-1	1.741547E+3
-4.500000E-1	-1.714475E+3
-4.400000E-1	-3.025492E+3
-4.300000E-1	-7.238188E+3
-4.200000E-1	-1.079126E+4
-4.100000E-1	-6.014350E+3
-4.000000E-1	-1.800012E+3
-3.900000E-1	-5.867951E+3
-3.800000E-1	-5.693588E+3
-3.700000E-1	-1.617423E+3
-3.600000E-1	3.679289E+3
-3.500000E-1	3.486830E+3
-3.400000E-1	1.024352E+3
-3.300000E-1	2.340305E+3
-3.200000E-1	2.376495E+3
-3.100000E-1	1.858336E+3
-3.000000E-1	4.794558E+3
-2.900000E-1	4.088879E+3
-2.800000E-1	-2.258025E+2
-2.700000E-1	2.775501E+2
-2.600000E-1	4.462279E+3
-2.500000E-1	3.202255E+3
-2.400000E-1	-3.635767E+3
-2.300000E-1	7.792545E+2
-2.200000E-1	1.753060E+3
-2.100000E-1	1.311479E+2
-2.000000E-1	4.288831E+2
-1.900000E-1	5.703479E+2
-1.800000E-1	1.647784E+3
-1.700000E-1	-3.532135E+3
-1.600000E-1	2.440648E+3
-1.500000E-1	2.241609E+3
-1.400000E-1	-4.906385E+2
-1.300000E-1	-2.175759E+2
-1.200000E-1	4.952472E+3
-1.100000E-1	2.435712E+3
-1.000000E-1	-1.731655E+2
-9.000000E-2	3.761534E+3
-8.000000E-2	2.509735E+3
-7.000000E-2	-1.875680E+3
-6.000000E-2	-9.249037E+2
-5.000000E-2	5.195922E+3
-4.000000E-2	1.856692E+3
-3.000000E-2	-8.146932E+2
-2.000000E-2	-2.701441E+3
-1.000000E-2	3.532150E+2
-4.099152E-14	-1.260470E+3
1.000000E-2	-1.007863E+2
2.000000E-2	3.085465E+3
3.000000E-2	7.069511E+3
4.000000E-2	4.945893E+3
5.000000E-2	5.975626E+3
6.000000E-2	5.702564E+3
7.000000E-2	8.128853E+3
8.000000E-2	2.059018E+3
9.000000E-2	9.740895E+3
1.000000E-1	8.166687E+3
1.100000E-1	4.695861E+3
1.200000E-1	5.973980E+3
1.300000E-1	6.615508E+3
1.400000E-1	4.709020E+3
1.500000E-1	6.192757E+3
1.600000E-1	9.026988E+3
1.700000E-1	7.510354E+3
1.800000E-1	7.038254E+3
1.900000E-1	1.030840E+4
2.000000E-1	6.753680E+3
2.100000E-1	5.284747E+3
2.200000E-1	9.383943E+3
2.300000E-1	4.741919E+3
2.400000E-1	6.436208E+3
2.500000E-1	6.281585E+3
2.600000E-1	6.821123E+3
2.700000E-1	7.826185E+3
2.800000E-1	1.033801E+4
2.900000E-1	7.482393E+3
3.000000E-1	7.173142E+3
3.100000E-1	1.757994E+3
3.200000E-1	-2.735986E+3
3.300000E-1	-1.878971E+3
3.400000E-1	-2.045108E+3
3.500000E-1	-4.528069E+2
3.600000E-1	8.395334E+3
3.700000E-1	7.571218E+3
3.800000E-1	9.464547E+3
3.900000E-1	1.124437E+4
4.000000E-1	8.415073E+3
4.100000E-1	1.188919E+4
4.200000E-1	1.297156E+4
4.300000E-1	1.166548E+4
4.400000E-1	1.253236E+4
4.500000E-1	1.380390E+4
4.600000E-1	9.935000E+3
4.700000E-1	1.307190E+4
4.800000E-1	1.560182E+4
4.900000E-1	1.083478E+4
5.000000E-1	1.195170E+4
5.100000E-1	1.458525E+4
5.200000E-1	1.485666E+4
5.300000E-1	1.130195E+4
5.400000E-1	1.072293E+4
5.500000E-1	1.382035E+4
5.600000E-1	1.435660E+4
5.700000E-1	1.559360E+4
5.800000E-1	1.524981E+4
5.900000E-1	1.463789E+4
6.000000E-1	1.593903E+4
6.100000E-1	1.513959E+4
6.200000E-1	1.182010E+4
6.300000E-1	1.712504E+4
6.400000E-1	1.630092E+4
6.500000E-1	1.297650E+4
6.600000E-1	1.628612E+4
6.700000E-1	1.442076E+4
6.800000E-1	1.400623E+4
6.900000E-1	1.480074E+4
7.000000E-1	1.364434E+4
7.100000E-1	1.344531E+4
7.200000E-1	1.116377E+4
7.300000E-1	1.319199E+4
7.400000E-1	1.159804E+4
7.500000E-1	1.484186E+4
7.600000E-1	1.890816E+4
7.700000E-1	1.963687E+4
7.800000E-1	6.906663E+3
7.900000E-1	8.155175E+3
8.000000E-1	1.196979E+4
8.100000E-1	1.546036E+4
8.200000E-1	1.820083E+4
8.300000E-1	2.064028E+4
8.400000E-1	1.813668E+4
8.500000E-1	2.136241E+4
8.600000E-1	2.300570E+4
8.700000E-1	2.459307E+4
8.800000E-1	2.436771E+4
8.900000E-1	2.452069E+4
9.000000E-1	2.154335E+4
9.100000E-1	1.998888E+4
9.200000E-1	1.974708E+4
9.300000E-1	2.100546E+4
9.400000E-1	2.371139E+4
9.500000E-1	2.347122E+4
9.600000E-1	2.384792E+4
9.700000E-1	2.275897E+4
9.800000E-1	2.353209E+4
9.900000E-1	1.951679E+4
1.000000E+0	2.211744E+4
1.010000E+0	2.691409E+4
1.020000E+0	2.364065E+4
1.030000E+0	1.912694E+4
1.040000E+0	1.399307E+4
1.050000E+0	1.864661E+4
1.060000E+0	1.979807E+4
1.070000E+0	2.452398E+4
1.080000E+0	2.265369E+4
1.090000E+0	2.243820E+4
1.100000E+0	2.538264E+4
1.110000E+0	2.459965E+4
1.120000E+0	2.657852E+4
1.130000E+0	3.048690E+4
1.140000E+0	2.736315E+4
1.150000E+0	2.521651E+4
1.160000E+0	2.579717E+4
1.170000E+0	2.896533E+4
1.180000E+0	2.766253E+4
1.190000E+0	2.637455E+4
1.200000E+0	2.874326E+4
1.210000E+0	3.091952E+4
1.220000E+0	2.546983E+4
1.230000E+0	2.630546E+4
1.240000E+0	3.058724E+4
1.250000E+0	2.999341E+4
1.260000E+0	2.837150E+4
1.270000E+0	3.027963E+4
1.280000E+0	3.066291E+4
1.290000E+0	2.864621E+4
1.300000E+0	2.842414E+4
1.310000E+0	3.232759E+4
1.320000E+0	3.101163E+4
1.330000E+0	2.532178E+4
1.340000E+0	2.827281E+4
1.350000E+0	3.522268E+4
1.360000E+0	2.974503E+4
1.370000E+0	3.335239E+4
1.380000E+0	3.110704E+4
1.390000E+0	3.284410E+4
1.400000E+0	3.296582E+4
1.410000E+0	2.924990E+4
1.420000E+0	3.403668E+4
1.430000E+0	2.992926E+4
1.440000E+0	3.204301E+4
1.450000E+0	3.478184E+4
1.460000E+0	3.254307E+4
1.470000E+0	3.365670E+4
1.480000E+0	3.618333E+4
1.490000E+0	3.523420E+4
1.500000E+0	3.383106E+4
1.510000E+0	3.584447E+4
1.520000E+0	3.701567E+4
1.530000E+0	3.491179E+4
1.540000E+0	3.496114E+4
1.550000E+0	3.581980E+4
1.560000E+0	3.668997E+4
1.570000E+0	3.663733E+4
1.580000E+0	3.640210E+4
1.590000E+0	3.499568E+4
1.600000E+0	3.880207E+4
1.610000E+0	3.700251E+4
1.620000E+0	3.542830E+4
1.630000E+0	3.868035E+4
1.640000E+0	3.642349E+4
1.650000E+0	3.734795E+4
1.660000E+0	4.090595E+4
1.670000E+0	4.150965E+4
1.680000E+0	3.711272E+4
1.690000E+0	3.886952E+4
1.700000E+0	4.092405E+4
1.710000E+0	3.694494E+4
1.720000E+0	3.854382E+4
1.730000E+0	4.108690E+4
1.740000E+0	3.899289E+4
1.750000E+0	3.870502E+4
1.760000E+0	4.109183E+4
1.770000E+0	4.233212E+4
1.780000E+0	4.028581E+4
1.790000E+0	3.973147E+4
1.800000E+0	4.190773E+4
1.810000E+0	4.060658E+4
1.820000E+0	3.875931E+4
1.830000E+0	4.215776E+4
1.840000E+0	4.366781E+4
1.850000E+0	4.032858E+4
1.860000E+0	4.152774E+4
1.870000E+0	4.470084E+4
1.880000E+0	4.240614E+4
1.890000E+0	4.227948E+4
1.900000E+0	4.390633E+4
1.910000E+0	4.177942E+4
1.920000E+0	4.443929E+4
1.930000E+0	4.459556E+4
1.940000E+0	4.521899E+4
1.950000E+0	4.465149E+4
1.960000E+0	4.612042E+4
1.970000E+0	4.351319E+4
1.980000E+0	4.245878E+4
1.990000E+0	4.718799E+4
2.000000E+0	4.512029E+4
2.010000E+0	4.200313E+4
2.020000E+0	4.535881E+4
2.030000E+0	4.552331E+4
2.040000E+0	4.465313E+4
2.050000E+0	4.837399E+4
2.060000E+0	4.519925E+4
2.070000E+0	4.550850E+4
2.080000E+0	4.980015E+4
2.090000E+0	4.716660E+4
2.100000E+0	4.878851E+4
2.110000E+0	4.957480E+4
2.120000E+0	4.628327E+4
2.130000E+0	4.725214E+4
2.140000E+0	4.905993E+4
2.150000E+0	4.653824E+4
2.160000E+0	4.489329E+4
2.170000E+0	4.858619E+4
2.180000E+0	4.960276E+4
2.190000E+0	4.714851E+4
2.200000E+0	4.779662E+4
2.210000E+0	5.228237E+4
2.220000E+0	4.967349E+4
2.230000E+0	4.967843E+4
2.240000E+0	5.511002E+4
2.250000E+0	5.218696E+4
2.260000E+0	5.825022E+4
2.270000E+0	6.202536E+4
2.280000E+0	6.866434E+4
2.290000E+0	5.838675E+4
2.300000E+0	5.290910E+4
2.310000E+0	5.309991E+4
2.320000E+0	5.300121E+4
2.330000E+0	5.260478E+4
2.340000E+0	5.404739E+4
2.350000E+0	4.968172E+4
2.360000E+0	4.998274E+4
2.370000E+0	5.329895E+4
2.380000E+0	4.935767E+4
2.390000E+0	5.101412E+4
2.400000E+0	4.604969E+4
2.410000E+0	4.486862E+4
2.420000E+0	3.634454E+4
2.430000E+0	1.774847E+4
2.440000E+0	2.850968E+4
2.450000E+0	3.334910E+4
2.460000E+0	4.121027E+4
2.470000E+0	4.224658E+4
2.480000E+0	4.932970E+4
2.490000E+0	5.412471E+4
2.500000E+0	5.166387E+4
2.510000E+0	5.107663E+4
2.520000E+0	5.327427E+4
2.530000E+0	5.541269E+4
2.540000E+0	5.302095E+4
2.550000E+0	5.492086E+4
2.560000E+0	5.521037E+4
2.570000E+0	5.624668E+4
2.580000E+0	5.586341E+4
2.590000E+0	5.726325E+4
2.600000E+0	5.736359E+4
2.610000E+0	5.706586E+4
2.620000E+0	5.924541E+4
2.630000E+0	5.847393E+4
2.640000E+0	5.634373E+4
2.650000E+0	5.782089E+4
2.660000E+0	5.793603E+4
2.670000E+0	5.873548E+4
2.680000E+0	5.789491E+4
2.690000E+0	5.712508E+4
2.700000E+0	5.863349E+4
2.710000E+0	5.977672E+4
2.720000E+0	5.844103E+4
2.730000E+0	5.844103E+4
2.740000E+0	5.923718E+4
2.750000E+0	6.055478E+4
2.760000E+0	6.040016E+4
2.770000E+0	5.884239E+4
2.780000E+0	6.142166E+4
2.790000E+0	6.086567E+4
2.800000E+0	5.860881E+4
2.810000E+0	6.098411E+4
2.820000E+0	6.117492E+4
2.830000E+0	5.955301E+4
2.840000E+0	6.089364E+4
2.850000E+0	6.161083E+4
2.860000E+0	6.412266E+4
2.870000E+0	7.058563E+4
2.880000E+0	6.950161E+4
2.890000E+0	6.688780E+4
2.900000E+0	6.457502E+4
2.910000E+0	6.258628E+4
2.920000E+0	5.979482E+4
2.930000E+0	5.548507E+4
2.940000E+0	5.094175E+4
2.950000E+0	6.165360E+4
2.960000E+0	6.396968E+4
2.970000E+0	5.911546E+4
2.980000E+0	6.226223E+4
2.990000E+0	6.157794E+4
3.000000E+0	6.393349E+4
3.010000E+0	6.373117E+4
3.020000E+0	6.540078E+4
3.030000E+0	6.706546E+4
3.040000E+0	6.454870E+4
3.050000E+0	6.611140E+4
3.060000E+0	6.120783E+4
3.070000E+0	5.859401E+4
3.080000E+0	6.099398E+4
3.090000E+0	6.090516E+4
3.100000E+0	6.377064E+4
3.110000E+0	5.700335E+4
3.120000E+0	3.883333E+4
3.130000E+0	3.950447E+4
3.140000E+0	4.615497E+4
3.150000E+0	5.903815E+4
3.160000E+0	6.326729E+4
3.170000E+0	6.306496E+4
3.180000E+0	6.451251E+4
3.190000E+0	6.290869E+4
3.200000E+0	6.490072E+4
3.210000E+0	6.875481E+4
3.220000E+0	6.805078E+4
3.230000E+0	6.609988E+4
3.240000E+0	6.639926E+4
3.250000E+0	6.467371E+4
3.260000E+0	6.901471E+4
3.270000E+0	6.859690E+4
3.280000E+0	6.665587E+4
3.290000E+0	6.916605E+4
3.300000E+0	6.668877E+4
3.310000E+0	6.672331E+4
3.320000E+0	6.865776E+4
3.330000E+0	7.026980E+4
3.340000E+0	6.676443E+4
3.350000E+0	6.686477E+4
3.360000E+0	6.724147E+4
3.370000E+0	7.076987E+4
3.380000E+0	6.608507E+4
3.390000E+0	7.281288E+4
3.400000E+0	7.181934E+4
3.410000E+0	6.921375E+4
3.420000E+0	6.938976E+4
3.430000E+0	6.635813E+4
3.440000E+0	6.564423E+4
3.450000E+0	6.773824E+4
3.460000E+0	6.929764E+4
3.470000E+0	7.219932E+4
3.480000E+0	7.001319E+4
3.490000E+0	6.798333E+4
3.500000E+0	7.180947E+4
3.510000E+0	6.880087E+4
3.520000E+0	6.987008E+4
3.530000E+0	7.096890E+4
3.540000E+0	6.801623E+4
3.550000E+0	6.747998E+4
3.560000E+0	7.284907E+4
3.570000E+0	7.059386E+4
3.580000E+0	7.184401E+4
3.590000E+0	7.164168E+4
3.600000E+0	7.167294E+4
3.610000E+0	7.019249E+4
3.620000E+0	7.311720E+4
3.630000E+0	7.175025E+4
3.640000E+0	6.888970E+4
3.650000E+0	7.410416E+4
3.660000E+0	6.735003E+4
3.670000E+0	7.423247E+4
3.680000E+0	7.253818E+4
3.690000E+0	7.211049E+4
3.700000E+0	6.934864E+4
3.710000E+0	6.913808E+4
3.720000E+0	6.845379E+4
3.730000E+0	7.192132E+4
3.740000E+0	7.353830E+4
3.750000E+0	7.046555E+4
3.760000E+0	7.410910E+4
3.770000E+0	7.311719E+4
3.780000E+0	7.479010E+4
3.790000E+0	7.243948E+4
3.800000E+0	7.269445E+4
3.810000E+0	7.554184E+4
3.820000E+0	7.185059E+4
3.830000E+0	7.226841E+4
3.840000E+0	7.392980E+4
3.850000E+0	7.332446E+4
3.860000E+0	6.984047E+4
3.870000E+0	7.345605E+4
3.880000E+0	6.942266E+4
3.890000E+0	7.316983E+4
3.900000E+0	7.172558E+4
3.910000E+0	7.307936E+4
3.920000E+0	7.483945E+4
3.930000E+0	7.414199E+4
3.940000E+0	7.183908E+4
3.950000E+0	7.155944E+4
3.960000E+0	7.273064E+4
3.970000E+0	7.184566E+4
3.980000E+0	7.312049E+4
3.990000E+0	7.581490E+4
4.000000E+0	7.336887E+4
4.010000E+0	7.405317E+4
4.020000E+0	7.200028E+4
4.030000E+0	7.562409E+4
4.040000E+0	7.586096E+4
4.050000E+0	7.458778E+4
4.060000E+0	7.480655E+4
4.070000E+0	7.599091E+4
4.080000E+0	7.295928E+4
4.090000E+0	7.480326E+4
4.100000E+0	7.377846E+4
4.110000E+0	7.402849E+4
4.120000E+0	7.547769E+4
4.130000E+0	7.363371E+4
4.140000E+0	7.564054E+4
4.150000E+0	7.704203E+4
4.160000E+0	7.315997E+4
4.170000E+0	7.382288E+4
4.180000E+0	7.437722E+4
4.190000E+0	7.588070E+4
4.200000E+0	7.644985E+4
4.210000E+0	7.855866E+4
4.220000E+0	7.262042E+4
4.230000E+0	7.850109E+4
4.240000E+0	7.542505E+4
4.250000E+0	7.585603E+4
4.260000E+0	7.836620E+4
4.270000E+0	7.344125E+4
4.280000E+0	7.599913E+4
4.290000E+0	7.976605E+4
4.300000E+0	7.369128E+4
4.310000E+0	7.680351E+4
4.320000E+0	7.851260E+4
4.330000E+0	7.697458E+4
4.340000E+0	7.656006E+4
4.350000E+0	7.679035E+4
4.360000E+0	7.797635E+4
4.370000E+0	7.681996E+4
4.380000E+0	7.585274E+4
4.390000E+0	7.833824E+4
4.400000E+0	7.682654E+4
4.410000E+0	7.502040E+4
4.420000E+0	7.835305E+4
4.430000E+0	7.920677E+4
4.440000E+0	7.633306E+4
4.450000E+0	7.564876E+4
4.460000E+0	7.727232E+4
4.470000E+0	7.853728E+4
4.480000E+0	7.550236E+4
4.490000E+0	7.676568E+4
4.500000E+0	7.766546E+4
4.510000E+0	7.619159E+4
4.520000E+0	7.921829E+4
4.530000E+0	7.451211E+4
4.540000E+0	7.611921E+4
4.550000E+0	7.964268E+4
4.560000E+0	7.426537E+4
4.570000E+0	8.209693E+4
4.580000E+0	7.873632E+4
4.590000E+0	7.761118E+4
4.600000E+0	7.911301E+4
4.610000E+0	7.890081E+4
4.620000E+0	7.867710E+4
4.630000E+0	7.722790E+4
4.640000E+0	7.799938E+4
4.650000E+0	7.453349E+4
4.660000E+0	7.828889E+4
4.670000E+0	8.110997E+4
4.680000E+0	7.886956E+4
4.690000E+0	7.631167E+4
4.700000E+0	7.906530E+4
4.710000E+0	7.986639E+4
4.720000E+0	7.873303E+4
4.730000E+0	8.095534E+4
4.740000E+0	7.982362E+4
4.750000E+0	7.878073E+4
4.760000E+0	7.930875E+4
4.770000E+0	7.780528E+4
4.780000E+0	7.605671E+4
4.790000E+0	8.191434E+4
4.800000E+0	8.326648E+4
4.810000E+0	7.714401E+4
4.820000E+0	7.877086E+4
4.830000E+0	8.017564E+4
4.840000E+0	8.129749E+4
4.850000E+0	8.063787E+4
4.860000E+0	8.308061E+4
4.870000E+0	8.054575E+4
4.880000E+0	8.069051E+4
4.890000E+0	8.195053E+4
4.900000E+0	8.278616E+4
4.910000E+0	7.927257E+4
4.920000E+0	8.044870E+4
4.930000E+0	8.139948E+4
4.940000E+0	7.706012E+4
4.950000E+0	7.897483E+4
4.960000E+0	7.893700E+4
4.970000E+0	7.926599E+4
4.980000E+0	7.961801E+4
4.990000E+0	8.368430E+4
5.000000E+0	7.971341E+4
5.010000E+0	7.813098E+4
5.020000E+0	8.071025E+4
5.030000E+0	8.494926E+4
5.040000E+0	8.161167E+4
5.050000E+0	7.877909E+4
5.060000E+0	8.163799E+4
5.070000E+0	8.429622E+4
5.080000E+0	8.074644E+4
5.090000E+0	8.149818E+4
5.100000E+0	8.433241E+4
5.110000E+0	8.048324E+4
5.120000E+0	8.600038E+4
5.130000E+0	8.030230E+4
5.140000E+0	8.396394E+4
5.150000E+0	8.244895E+4
5.160000E+0	8.070038E+4
5.170000E+0	8.414159E+4
5.180000E+0	8.152285E+4
5.190000E+0	8.446894E+4
5.200000E+0	8.055727E+4
5.210000E+0	8.606782E+4
5.220000E+0	8.418271E+4
5.230000E+0	8.099153E+4
5.240000E+0	8.210844E+4
5.250000E+0	8.345730E+4
5.260000E+0	8.169556E+4
5.270000E+0	8.440643E+4
5.280000E+0	8.451664E+4
5.290000E+0	8.053753E+4
5.300000E+0	8.375832E+4
5.310000E+0	8.137974E+4
5.320000E+0	7.798458E+4
5.330000E+0	8.337011E+4
5.340000E+0	8.366456E+4
5.350000E+0	8.220714E+4
5.360000E+0	7.853892E+4
5.370000E+0	8.288486E+4
5.380000E+0	8.396065E+4
5.390000E+0	8.166925E+4
5.400000E+0	8.531443E+4
5.410000E+0	8.176794E+4
5.420000E+0	8.240618E+4
5.430000E+0	8.429128E+4
5.440000E+0	8.719954E+4
5.450000E+0	8.287170E+4
5.460000E+0	8.160509E+4
5.470000E+0	8.470252E+4
5.480000E+0	8.095040E+4
5.490000E+0	8.515652E+4
5.500000E+0	8.380109E+4
5.510000E+0	8.252461E+4
5.520000E+0	8.722257E+4
5.530000E+0	8.473212E+4
5.540000E+0	8.087803E+4
5.550000E+0	8.487524E+4
5.560000E+0	8.242263E+4
5.570000E+0	8.464494E+4
5.580000E+0	8.489662E+4
5.590000E+0	8.731797E+4
5.600000E+0	8.665342E+4
5.610000E+0	9.437806E+4
5.620000E+0	8.764696E+4
5.630000E+0	8.523548E+4
5.640000E+0	8.439327E+4
5.650000E+0	8.506605E+4
5.660000E+0	8.320398E+4
5.670000E+0	8.166102E+4
5.680000E+0	8.497393E+4
5.690000E+0	8.616652E+4
5.700000E+0	8.031217E+4
5.710000E+0	7.831521E+4
5.720000E+0	7.658144E+4
5.730000E+0	7.172229E+4
5.740000E+0	7.392486E+4
5.750000E+0	7.533293E+4
5.760000E+0	8.169557E+4
5.770000E+0	8.436037E+4
5.780000E+0	8.129749E+4
5.790000E+0	8.243579E+4
5.800000E+0	8.272695E+4
5.810000E+0	8.517297E+4
5.820000E+0	8.638036E+4
5.830000E+0	8.975414E+4
5.840000E+0	9.063747E+4
5.850000E+0	8.724560E+4
5.860000E+0	8.620106E+4
5.870000E+0	9.045488E+4
5.880000E+0	8.672415E+4
5.890000E+0	8.949259E+4
5.900000E+0	8.720283E+4
5.910000E+0	8.664355E+4
5.920000E+0	9.011602E+4
5.930000E+0	8.919979E+4
5.940000E+0	8.560230E+4
5.950000E+0	8.626028E+4
5.960000E+0	8.716664E+4
5.970000E+0	8.257068E+4
5.980000E+0	9.086118E+4
5.990000E+0	9.279398E+4
6.000000E+0	9.992481E+4
6.010000E+0	9.082006E+4
6.020000E+0	8.428141E+4
6.030000E+0	8.398204E+4
6.040000E+0	8.627344E+4
6.050000E+0	7.978579E+4
6.060000E+0	8.693306E+4
6.070000E+0	9.026736E+4
6.080000E+0	9.233340E+4
6.090000E+0	8.883955E+4
6.100000E+0	8.610237E+4
6.110000E+0	8.720119E+4
6.120000E+0	8.990383E+4
6.130000E+0	8.811249E+4
6.140000E+0	9.116879E+4
6.150000E+0	8.757459E+4
6.160000E+0	9.089408E+4
6.170000E+0	9.358685E+4
6.180000E+0	8.612211E+4
6.190000E+0	8.621094E+4
6.200000E+0	8.537037E+4
6.210000E+0	8.699228E+4
6.220000E+0	8.792496E+4
6.230000E+0	8.776869E+4
6.240000E+0	8.625535E+4
6.250000E+0	8.807794E+4
6.260000E+0	8.724889E+4
6.270000E+0	8.695445E+4
6.280000E+0	8.317602E+4
6.290000E+0	8.999101E+4
6.300000E+0	8.798089E+4
6.310000E+0	8.364154E+4
6.320000E+0	8.780488E+4
6.330000E+0	9.054700E+4
6.340000E+0	7.560435E+4
6.350000E+0	6.956413E+4
6.360000E+0	7.096233E+4
6.370000E+0	7.800761E+4
6.380000E+0	8.651525E+4
6.390000E+0	8.713703E+4
6.400000E+0	8.712058E+4
6.410000E+0	9.000252E+4
6.420000E+0	8.787561E+4
6.430000E+0	9.323319E+4
6.440000E+0	9.264265E+4
6.450000E+0	8.659420E+4
6.460000E+0	9.071971E+4
6.470000E+0	8.940705E+4
6.480000E+0	8.934125E+4
6.490000E+0	8.918498E+4
6.500000E+0	9.267062E+4
6.510000E+0	8.952220E+4
6.520000E+0	9.098784E+4
6.530000E+0	9.366087E+4
6.540000E+0	8.982487E+4
6.550000E+0	8.993343E+4
6.560000E+0	9.058483E+4
6.570000E+0	9.244032E+4
6.580000E+0	8.815690E+4
6.590000E+0	8.846450E+4
6.600000E+0	8.970479E+4
6.610000E+0	8.866025E+4
6.620000E+0	8.926888E+4
6.630000E+0	9.327102E+4
6.640000E+0	9.076906E+4
6.650000E+0	9.344538E+4
6.660000E+0	8.903858E+4
6.670000E+0	9.005022E+4
6.680000E+0	8.963076E+4
6.690000E+0	9.356546E+4
6.700000E+0	8.796608E+4
6.710000E+0	9.396025E+4
6.720000E+0	8.834771E+4
6.730000E+0	8.917676E+4
6.740000E+0	9.382372E+4
6.750000E+0	9.144513E+4
6.760000E+0	8.988902E+4
6.770000E+0	9.259988E+4
6.780000E+0	8.968175E+4
6.790000E+0	8.997456E+4
6.800000E+0	9.330885E+4
6.810000E+0	9.200935E+4
6.820000E+0	9.285156E+4
6.830000E+0	9.502617E+4
6.840000E+0	8.940376E+4
6.850000E+0	9.017524E+4
6.860000E+0	9.362797E+4
6.870000E+0	9.267061E+4
6.880000E+0	9.199783E+4
6.890000E+0	9.336149E+4
6.900000E+0	9.037592E+4
6.910000E+0	9.508046E+4
6.920000E+0	9.196493E+4
6.930000E+0	9.003213E+4
6.940000E+0	9.257027E+4
6.950000E+0	9.056509E+4
6.960000E+0	9.179386E+4
6.970000E+0	9.256205E+4
6.980000E+0	9.165733E+4
6.990000E+0	9.164417E+4
7.000000E+0	9.366745E+4
7.010000E+0	9.004200E+4
7.020000E+0	9.363291E+4
7.030000E+0	9.394544E+4
7.040000E+0	9.111450E+4
7.050000E+0	9.202415E+4
7.060000E+0	9.405401E+4
7.070000E+0	9.216397E+4
7.080000E+0	9.327760E+4
7.090000E+0	9.367074E+4
7.100000E+0	9.132012E+4
7.110000E+0	9.113589E+4
7.120000E+0	9.425140E+4
7.130000E+0	9.250776E+4
7.140000E+0	9.086940E+4
7.150000E+0	9.406717E+4
7.160000E+0	9.311146E+4
7.170000E+0	8.989889E+4
7.180000E+0	9.461329E+4
7.190000E+0	9.301934E+4
7.200000E+0	9.066379E+4
7.210000E+0	9.152245E+4
7.220000E+0	9.482384E+4
7.230000E+0	9.205870E+4
7.240000E+0	9.032822E+4
7.250000E+0	9.345032E+4
7.260000E+0	9.007983E+4
7.270000E+0	9.387471E+4
7.280000E+0	9.498011E+4
7.290000E+0	9.447182E+4
7.300000E+0	9.133986E+4
7.310000E+0	9.262620E+4
7.320000E+0	9.451788E+4
7.330000E+0	9.453433E+4
7.340000E+0	9.212449E+4
7.350000E+0	9.473666E+4
7.360000E+0	9.398328E+4
7.370000E+0	9.052397E+4
7.380000E+0	9.575817E+4
7.390000E+0	9.489786E+4
7.400000E+0	9.135631E+4
7.410000E+0	9.534200E+4
7.420000E+0	9.328582E+4
7.430000E+0	9.397012E+4
7.440000E+0	9.680106E+4
7.450000E+0	9.212778E+4
7.460000E+0	9.388458E+4
7.470000E+0	9.593418E+4
7.480000E+0	9.447018E+4
7.490000E+0	9.097304E+4
7.500000E+0	9.278576E+4
7.510000E+0	9.594076E+4
7.520000E+0	9.253902E+4
7.530000E+0	9.300125E+4
7.540000E+0	9.405894E+4
7.550000E+0	9.399150E+4
7.560000E+0	9.355559E+4
7.570000E+0	9.478272E+4
7.580000E+0	9.653294E+4
7.590000E+0	9.267061E+4
7.600000E+0	9.284991E+4
7.610000E+0	9.408362E+4
7.620000E+0	9.163430E+4
7.630000E+0	9.663163E+4
7.640000E+0	9.225938E+4
7.650000E+0	9.715473E+4
7.660000E+0	9.742120E+4
7.670000E+0	9.279070E+4
7.680000E+0	9.522685E+4
7.690000E+0	9.689811E+4
7.700000E+0	9.415435E+4
7.710000E+0	9.686193E+4
7.720000E+0	9.602959E+4
7.730000E+0	9.556736E+4
7.740000E+0	9.479259E+4
7.750000E+0	9.581245E+4
7.760000E+0	9.282360E+4
7.770000E+0	9.466428E+4
7.780000E+0	9.750181E+4
7.790000E+0	9.961062E+4
7.800000E+0	9.668756E+4
7.810000E+0	9.430075E+4
7.820000E+0	9.645892E+4
7.830000E+0	9.652307E+4
7.840000E+0	9.526140E+4
7.850000E+0	9.810715E+4
7.860000E+0	9.561506E+4
7.870000E+0	9.564631E+4
7.880000E+0	9.836540E+4
7.890000E+0	9.497024E+4
7.900000E+0	9.833744E+4
7.910000E+0	9.891646E+4
7.920000E+0	9.575488E+4
7.930000E+0	9.701655E+4
7.940000E+0	9.838350E+4
7.950000E+0	9.506071E+4
7.960000E+0	9.817788E+4
7.970000E+0	9.740476E+4
7.980000E+0	9.315752E+4
7.990000E+0	9.875196E+4
8.000000E+0	9.738173E+4
