applied voltage (volts)	measured current (nanoamps)	measured temperature (deg C)
-4.000000E+0	-1.452555E+4
-3.950000E+0	-1.769370E+4
-3.900000E+0	-1.716403E+4
-3.850000E+0	-1.414063E+4
-3.800000E+0	-1.880733E+4
-3.750000E+0	-2.332434E+4
-3.700000E+0	-1.757197E+4
-3.650000E+0	-1.752592E+4
-3.600000E+0	-1.767067E+4
-3.550000E+0	-1.534636E+4
-3.500000E+0	-1.777923E+4
-3.450000E+0	-1.698308E+4
-3.400000E+0	-1.605698E+4
-3.350000E+0	-1.778910E+4
-3.300000E+0	-1.760158E+4
-3.250000E+0	-1.858690E+4
-3.200000E+0	-1.668534E+4
-3.150000E+0	-1.990120E+4
-3.100000E+0	-1.881061E+4
-3.050000E+0	-1.606685E+4
-3.000000E+0	-2.144087E+4
-2.950000E+0	-1.582833E+4
-2.900000E+0	-1.808684E+4
-2.850000E+0	-1.820856E+4
-2.800000E+0	-2.062333E+4
-2.750000E+0	-1.657842E+4
-2.700000E+0	-1.360273E+4
-2.650000E+0	-1.537104E+4
-2.600000E+0	-2.153793E+4
-2.550000E+0	-2.150996E+4
-2.500000E+0	-1.727424E+4
-2.450000E+0	-2.221565E+4
-2.400000E+0	-1.890767E+4
-2.350000E+0	-2.015454E+4
-2.300000E+0	-1.450088E+4
-2.250000E+0	-1.841419E+4
-2.200000E+0	-2.022198E+4
-2.150000E+0	-1.329184E+4
-2.100000E+0	-1.337573E+4
-2.050000E+0	-1.547797E+4
-2.000000E+0	-1.583820E+4
-1.950000E+0	-1.700447E+4
-1.900000E+0	-2.013150E+4
-1.850000E+0	-1.902116E+4
-1.800000E+0	-1.730713E+4
-1.750000E+0	-2.874276E+4
-1.700000E+0	-2.755018E+4
-1.650000E+0	-2.216958E+4
-1.600000E+0	-2.155273E+4
-1.550000E+0	-1.727259E+4
-1.500000E+0	-1.174559E+4
-1.450000E+0	-1.176698E+4
-1.400000E+0	-9.301210E+3
-1.350000E+0	-4.053847E+3
-1.300000E+0	-1.629205E+3
-1.250000E+0	8.283342E+2
-1.200000E+0	7.788080E+3
-1.150000E+0	1.585487E+4
-1.100000E+0	2.312716E+4
-1.050000E+0	3.687229E+4
-1.000000E+0	4.032173E+4
-9.500000E-1	5.064867E+4
-9.000000E-1	6.623779E+4
-8.500000E-1	8.902022E+4
-8.000000E-1	1.017356E+5
-7.500000E-1	1.153640E+5
-7.000000E-1	1.357727E+5
-6.500000E-1	1.624208E+5
-6.000000E-1	1.859122E+5
-5.500000E-1	2.217061E+5
-5.000000E-1	2.466829E+5
-4.500000E-1	2.873212E+5
-4.000000E-1	3.210260E+5
-3.500000E-1	3.680006E+5
-3.000000E-1	4.135721E+5
-2.500000E-1	4.649913E+5
-2.000000E-1	5.246205E+5
-1.500000E-1	5.802951E+5
-1.000000E-1	6.425315E+5
-5.000000E-2	7.098688E+5
-5.842549E-15	7.851249E+5
5.000000E-2	8.552356E+5
1.000000E-1	9.376307E+5
1.500000E-1	1.009245E+6
2.000000E-1	1.087163E+6
2.500000E-1	1.170701E+6
3.000000E-1	1.250936E+6
3.500000E-1	1.337205E+6
4.000000E-1	1.424088E+6
4.500000E-1	1.494217E+6
5.000000E-1	1.575766E+6
5.500000E-1	1.667478E+6
6.000000E-1	1.755142E+6
6.500000E-1	1.841363E+6
7.000000E-1	1.922546E+6
7.500000E-1	2.009231E+6
8.000000E-1	2.093026E+6
8.500000E-1	2.176877E+6
9.000000E-1	2.257808E+6
9.500000E-1	2.332813E+6
1.000000E+0	2.411018E+6
1.050000E+0	2.487358E+6
1.100000E+0	2.563588E+6
1.150000E+0	2.635214E+6
1.200000E+0	2.711365E+6
1.250000E+0	2.781339E+6
1.300000E+0	2.850448E+6
1.350000E+0	2.926265E+6
1.400000E+0	2.989383E+6
1.450000E+0	3.055069E+6
1.500000E+0	3.126825E+6
1.550000E+0	3.189900E+6
1.600000E+0	3.250167E+6
1.650000E+0	3.307640E+6
1.700000E+0	3.371192E+6
1.750000E+0	3.423656E+6
1.800000E+0	3.477841E+6
1.850000E+0	3.538162E+6
1.900000E+0	3.594740E+6
1.950000E+0	3.642725E+6
2.000000E+0	3.699454E+6
2.050000E+0	3.750996E+6
2.100000E+0	3.796797E+6
2.150000E+0	3.844975E+6
2.200000E+0	3.897834E+6
2.250000E+0	3.946175E+6
2.300000E+0	3.990681E+6
2.350000E+0	4.040337E+6
2.400000E+0	4.080681E+6
2.450000E+0	4.124645E+6
2.500000E+0	4.163145E+6
2.550000E+0	4.204408E+6
2.600000E+0	4.247430E+6
2.650000E+0	4.289927E+6
2.700000E+0	4.326476E+6
2.750000E+0	4.367309E+6
2.800000E+0	4.406692E+6
2.850000E+0	4.447702E+6
2.900000E+0	4.480894E+6
2.950000E+0	4.517063E+6
3.000000E+0	4.560585E+6
3.050000E+0	4.590654E+6
3.100000E+0	4.629853E+6
3.150000E+0	4.664185E+6
3.200000E+0	4.694708E+6
3.250000E+0	4.725003E+6
3.300000E+0	4.760986E+6
3.350000E+0	4.786869E+6
3.400000E+0	4.826105E+6
3.450000E+0	4.856390E+6
3.500000E+0	4.892129E+6
3.550000E+0	4.922029E+6
3.600000E+0	4.952869E+6
3.650000E+0	4.987452E+6
3.700000E+0	5.015497E+6
3.750000E+0	5.049531E+6
3.800000E+0	5.077134E+6
3.850000E+0	5.106437E+6
3.900000E+0	5.137376E+6
3.950000E+0	5.164290E+6
4.000000E+0	5.188885E+6
4.050000E+0	5.221778E+6
4.100000E+0	5.247723E+6
4.150000E+0	5.275371E+6
4.200000E+0	5.306813E+6
4.250000E+0	5.335032E+6
4.300000E+0	5.362693E+6
4.350000E+0	5.391932E+6
4.400000E+0	5.418824E+6
4.450000E+0	5.444702E+6
4.500000E+0	5.474717E+6
4.550000E+0	5.505512E+6
4.600000E+0	5.527077E+6
4.650000E+0	5.557000E+6
4.700000E+0	5.577159E+6
4.750000E+0	5.604008E+6
4.800000E+0	5.627761E+6
4.850000E+0	5.657949E+6
4.900000E+0	5.684082E+6
4.950000E+0	5.707088E+6
5.000000E+0	5.738494E+6
5.050000E+0	5.763011E+6
5.100000E+0	5.789248E+6
5.150000E+0	5.817433E+6
5.200000E+0	5.845469E+6
5.250000E+0	5.869880E+6
5.300000E+0	5.899106E+6
5.350000E+0	5.922416E+6
5.400000E+0	5.947497E+6
5.450000E+0	5.968580E+6
5.500000E+0	5.993968E+6
5.550000E+0	6.018494E+6
5.600000E+0	6.042297E+6
5.650000E+0	6.071848E+6
5.700000E+0	6.094148E+6
5.750000E+0	6.119842E+6
5.800000E+0	6.145456E+6
5.850000E+0	6.172737E+6
5.900000E+0	6.196355E+6
5.950000E+0	6.224961E+6
6.000000E+0	6.252025E+6
6.050000E+0	6.273105E+6
6.100000E+0	6.296822E+6
6.150000E+0	6.320601E+6
6.200000E+0	6.344932E+6
6.250000E+0	6.361883E+6
6.300000E+0	6.386749E+6
6.350000E+0	6.411942E+6
6.400000E+0	6.435573E+6
6.450000E+0	6.461160E+6
6.500000E+0	6.485902E+6
6.550000E+0	6.509880E+6
6.600000E+0	6.537849E+6
6.650000E+0	6.559848E+6
6.700000E+0	6.586202E+6
6.750000E+0	6.611087E+6
6.800000E+0	6.631882E+6
6.850000E+0	6.658293E+6
6.900000E+0	6.677505E+6
6.950000E+0	6.698177E+6
7.000000E+0	6.721854E+6
7.050000E+0	6.741791E+6
7.100000E+0	6.765198E+6
7.150000E+0	6.786393E+6
7.200000E+0	6.813489E+6
7.250000E+0	6.837031E+6
7.300000E+0	6.859458E+6
7.350000E+0	6.885519E+6
7.400000E+0	6.905273E+6
7.450000E+0	6.929936E+6
7.500000E+0	6.957729E+6
7.550000E+0	6.978991E+6
7.600000E+0	7.002960E+6
7.650000E+0	7.024175E+6
7.700000E+0	7.041057E+6
7.750000E+0	7.061709E+6
7.800000E+0	7.081728E+6
7.850000E+0	7.102048E+6
7.900000E+0	7.129706E+6
7.950000E+0	7.153332E+6
8.000000E+0	7.171493E+6
