applied voltage (volts)	measured current (nanoamps)	measured temperature (deg C)
-4.000000E+0	2.788624E+4
-3.990000E+0	9.069755E+3
-3.980000E+0	1.685614E+3
-3.970000E+0	2.907805E+3
-3.960000E+0	-6.534932E+2
-3.950000E+0	-9.256632E+1
-3.940000E+0	1.323728E+3
-3.930000E+0	8.956256E+3
-3.920000E+0	-1.660195E+3
-3.910000E+0	-2.727763E+3
-3.900000E+0	2.980183E+3
-3.890000E+0	3.965503E+3
-3.880000E+0	-7.277668E+3
-3.870000E+0	-4.001698E+2
-3.860000E+0	-9.462886E+2
-3.850000E+0	7.348422E+2
-3.840000E+0	-9.828970E+3
-3.830000E+0	-6.312087E+3
-3.820000E+0	-1.085212E+4
-3.810000E+0	-4.464817E+3
-3.800000E+0	-1.550699E+2
-3.790000E+0	1.547447E+3
-3.780000E+0	4.798791E+2
-3.770000E+0	-7.817895E+2
-3.760000E+0	-1.775336E+3
-3.750000E+0	3.120950E+2
-3.740000E+0	-3.999295E+3
-3.730000E+0	-2.535557E+4
-3.720000E+0	-4.185172E+3
-3.710000E+0	1.322653E+4
-3.700000E+0	2.899586E+3
-3.690000E+0	1.692198E+3
-3.680000E+0	-2.982724E+3
-3.670000E+0	-1.600079E+4
-3.660000E+0	-1.556981E+4
-3.650000E+0	-8.596906E+3
-3.640000E+0	-8.267902E+3
-3.630000E+0	-7.152617E+3
-3.620000E+0	-3.120863E+3
-3.610000E+0	1.011763E+4
-3.600000E+0	8.977330E+2
-3.590000E+0	-2.489199E+3
-3.580000E+0	-1.431500E+3
-3.570000E+0	5.977316E+3
-3.560000E+0	-1.178178E+3
-3.550000E+0	-1.051517E+3
-3.540000E+0	-3.505770E+3
-3.530000E+0	5.095318E+2
-3.520000E+0	9.783414E+2
-3.510000E+0	6.423094E+3
-3.500000E+0	1.374768E+3
-3.490000E+0	-3.714681E+3
-3.480000E+0	-4.412135E+3
-3.470000E+0	3.729976E+2
-3.460000E+0	-1.572967E+3
-3.450000E+0	-2.874114E+3
-3.440000E+0	-2.178879E+1
-3.430000E+0	-3.800842E+4
-3.420000E+0	-1.412058E+4
-3.410000E+0	-8.228729E+2
-3.400000E+0	-6.485073E+2
-3.390000E+0	-1.174857E+4
-3.380000E+0	1.644537E+3
-3.370000E+0	-7.687218E+3
-3.360000E+0	-9.152859E+3
-3.350000E+0	1.871212E+2
-3.340000E+0	-2.981370E+2
-3.330000E+0	-7.670762E+3
-3.320000E+0	-3.431749E+3
-3.310000E+0	1.295500E+2
-3.300000E+0	-2.457943E+3
-3.290000E+0	1.175732E+3
-3.280000E+0	1.682374E+3
-3.270000E+0	-2.844502E+3
-3.260000E+0	3.113474E+3
-3.250000E+0	4.097149E+3
-3.240000E+0	-2.186527E+3
-3.230000E+0	5.144973E+3
-3.220000E+0	-1.275233E+3
-3.210000E+0	3.093732E+3
-3.200000E+0	2.050838E+3
-3.190000E+0	1.904441E+3
-3.180000E+0	4.506737E+3
-3.170000E+0	3.812259E+2
-3.160000E+0	7.315979E+2
-3.150000E+0	-4.007478E+3
-3.140000E+0	-9.154498E+3
-3.130000E+0	4.500158E+3
-3.120000E+0	9.569558E+2
-3.110000E+0	9.171703E+1
-3.100000E+0	9.059623E+2
-3.090000E+0	1.708694E+3
-3.080000E+0	2.243302E+3
-3.070000E+0	9.171708E+1
-3.060000E+0	1.572164E+3
-3.050000E+0	-1.220946E+3
-3.040000E+0	1.366547E+3
-3.030000E+0	-9.709158E+2
-3.020000E+0	1.208633E+3
-3.010000E+0	5.868430E+2
-3.000000E+0	1.300748E+3
-2.990000E+0	-1.137054E+3
-2.980000E+0	6.707362E+2
-2.970000E+0	3.302642E+3
-2.960000E+0	8.039766E+2
-2.950000E+0	-2.629015E+3
-2.940000E+0	1.613289E+3
-2.930000E+0	-5.810649E+2
-2.920000E+0	1.137900E+3
-2.910000E+0	-1.681529E+3
-2.900000E+0	-3.272187E+3
-2.890000E+0	1.529397E+3
-2.880000E+0	5.868459E+2
-2.870000E+0	-2.058220E+3
-2.860000E+0	1.626448E+3
-2.850000E+0	-1.243975E+3
-2.840000E+0	-1.586122E+3
-2.830000E+0	1.985045E+3
-2.820000E+0	7.529835E+2
-2.810000E+0	-2.125961E+2
-2.800000E+0	-2.079604E+3
-2.790000E+0	-2.603014E+2
-2.780000E+0	3.241780E+3
-2.770000E+0	1.427408E+3
-2.760000E+0	-3.673554E+3
-2.750000E+0	-7.359867E+3
-2.740000E+0	2.261393E+3
-2.730000E+0	4.568924E+2
-2.720000E+0	5.125236E+3
-2.710000E+0	-5.334946E+3
-2.700000E+0	-9.416322E+1
-2.690000E+0	-3.637366E+3
-2.680000E+0	3.633273E+3
-2.670000E+0	4.778151E+3
-2.660000E+0	-5.124395E+3
-2.650000E+0	-6.815396E+3
-2.640000E+0	1.333647E+3
-2.630000E+0	-1.007105E+3
-2.620000E+0	-1.059744E+3
-2.610000E+0	2.715399E+3
-2.600000E+0	1.452080E+3
-2.590000E+0	-2.119087E+3
-2.580000E+0	1.616576E+3
-2.570000E+0	-4.560498E+2
-2.560000E+0	2.119926E+3
-2.550000E+0	-3.301799E+3
-2.540000E+0	3.022690E+2
-2.530000E+0	-4.273957E+3
-2.520000E+0	-1.686468E+3
-2.510000E+0	-1.975975E+3
-2.500000E+0	-5.563920E+2
-2.490000E+0	8.977375E+2
-2.480000E+0	-3.107695E+3
-2.470000E+0	-4.346668E+2
-2.460000E+0	2.141311E+3
-2.450000E+0	4.404436E+2
-2.440000E+0	-1.747330E+3
-2.430000E+0	4.568931E+2
-2.420000E+0	1.200405E+3
-2.410000E+0	-1.880568E+3
-2.400000E+0	1.430697E+3
-2.390000E+0	3.440811E+3
-2.380000E+0	-3.407076E+3
-2.370000E+0	-5.209930E+3
-2.360000E+0	5.078864E+2
-2.350000E+0	2.060709E+3
-2.340000E+0	2.710132E+2
-2.330000E+0	1.147443E+2
-2.320000E+0	1.753104E+3
-2.310000E+0	-1.285103E+3
-2.300000E+0	-3.204749E+3
-2.290000E+0	1.503073E+3
-2.280000E+0	-2.783640E+3
-2.270000E+0	-8.409643E+2
-2.260000E+0	-5.958698E+2
-2.250000E+0	-1.464400E+3
-2.240000E+0	1.534329E+3
-2.230000E+0	2.432465E+3
-2.220000E+0	2.726579E+2
-2.210000E+0	4.338620E+2
-2.200000E+0	-9.643388E+2
-2.190000E+0	1.504719E+3
-2.180000E+0	-6.221919E+2
-2.170000E+0	-7.537866E+2
-2.160000E+0	1.550775E+3
-2.150000E+0	-7.573713E+3
-2.140000E+0	-1.055599E+4
-2.130000E+0	-4.176907E+3
-2.120000E+0	-1.583146E+2
-2.110000E+0	7.526530E+1
-2.100000E+0	1.455372E+3
-2.090000E+0	6.180962E+2
-2.080000E+0	-8.442560E+2
-2.070000E+0	-1.498943E+3
-2.060000E+0	-1.176536E+3
-2.050000E+0	-5.005957E+3
-2.040000E+0	-2.438547E+2
-2.030000E+0	1.282651E+3
-2.020000E+0	6.871806E+2
-2.010000E+0	-1.507172E+3
-2.000000E+0	4.797890E+3
-1.990000E+0	3.606953E+3
-1.980000E+0	1.582029E+3
-1.970000E+0	-2.275358E+3
-1.960000E+0	-3.240938E+3
-1.950000E+0	-6.371263E+3
-1.940000E+0	-6.567009E+3
-1.930000E+0	-9.646338E+3
-1.920000E+0	-2.308256E+3
-1.910000E+0	-2.637247E+3
-1.900000E+0	1.883055E+3
-1.890000E+0	1.100063E+3
-1.880000E+0	1.892923E+3
-1.870000E+0	3.898106E+3
-1.860000E+0	1.197112E+3
-1.850000E+0	4.261640E+3
-1.840000E+0	7.620607E+3
-1.830000E+0	6.245438E+3
-1.820000E+0	-1.054810E+3
-1.810000E+0	-4.635849E+3
-1.800000E+0	-2.395436E+3
-1.790000E+0	-5.963315E+3
-1.780000E+0	-4.226256E+3
-1.770000E+0	1.920888E+3
-1.760000E+0	-8.985406E+2
-1.750000E+0	3.113471E+3
-1.740000E+0	6.354004E+3
-1.730000E+0	-1.979270E+3
-1.720000E+0	-2.655304E+4
-1.710000E+0	-8.175762E+3
-1.700000E+0	-3.902203E+3
-1.690000E+0	-4.379583E+2
-1.680000E+0	-1.329515E+3
-1.670000E+0	1.559001E+3
-1.660000E+0	-3.009000E+3
-1.650000E+0	-2.620795E+3
-1.640000E+0	-1.572966E+3
-1.630000E+0	2.912788E+3
-1.620000E+0	2.045904E+3
-1.610000E+0	2.013005E+3
-1.600000E+0	7.926569E+3
-1.590000E+0	1.029035E+4
-1.580000E+0	4.885074E+3
-1.570000E+0	6.567848E+3
-1.560000E+0	-1.681849E+2
-1.550000E+0	-3.826535E+3
-1.540000E+0	-8.080353E+3
-1.530000E+0	-8.608381E+3
-1.520000E+0	-5.318499E+3
-1.510000E+0	-1.781874E+3
-1.500000E+0	-1.145282E+3
-1.490000E+0	-2.076319E+3
-1.480000E+0	-1.260427E+3
-1.470000E+0	-9.281502E+2
-1.460000E+0	1.141185E+3
-1.450000E+0	4.383366E+3
-1.440000E+0	6.243794E+3
-1.430000E+0	-1.798324E+3
-1.420000E+0	-5.533985E+3
-1.410000E+0	-1.200683E+4
-1.400000E+0	-9.916109E+3
-1.390000E+0	9.734042E+2
-1.380000E+0	-4.116393E+2
-1.370000E+0	-2.426691E+3
-1.360000E+0	9.125403E+2
-1.350000E+0	4.322175E+2
-1.340000E+0	-1.494008E+3
-1.330000E+0	7.668313E+3
-1.320000E+0	4.039570E+3
-1.310000E+0	-6.784541E+1
-1.300000E+0	-1.757201E+3
-1.290000E+0	-3.423526E+3
-1.280000E+0	-7.912570E+3
-1.270000E+0	-4.137431E+3
-1.260000E+0	-2.094412E+3
-1.250000E+0	2.103476E+3
-1.240000E+0	-3.145868E+2
-1.230000E+0	4.179393E+3
-1.220000E+0	4.697550E+3
-1.210000E+0	7.138642E+3
-1.200000E+0	2.070578E+3
-1.190000E+0	7.743634E+2
-1.180000E+0	-3.208038E+3
-1.170000E+0	-4.769089E+3
-1.160000E+0	-2.745809E+3
-1.150000E+0	1.700465E+3
-1.140000E+0	-7.011490E+2
-1.130000E+0	-2.060214E+2
-1.120000E+0	-6.629517E+3
-1.110000E+0	-1.149525E+4
-1.100000E+0	-5.690254E+3
-1.090000E+0	-1.326224E+3
-1.080000E+0	-1.648946E+2
-1.070000E+0	2.384763E+3
-1.060000E+0	-3.119210E+3
-1.050000E+0	-6.419279E+2
-1.040000E+0	2.027811E+3
-1.030000E+0	1.772503E+2
-1.020000E+0	2.238364E+3
-1.010000E+0	2.955559E+3
-1.000000E+0	7.482435E+3
-9.900000E-1	7.234051E+3
-9.800000E-1	-2.948459E+2
-9.700000E-1	-6.060366E+3
-9.600000E-1	-5.866263E+3
-9.500000E-1	-4.874363E+3
-9.400000E-1	-4.805276E+3
-9.300000E-1	-1.576256E+3
-9.200000E-1	3.067414E+3
-9.100000E-1	2.771324E+3
-9.000000E-1	-2.018745E+3
-8.900000E-1	1.205338E+3
-8.800000E-1	1.139542E+3
-8.700000E-1	1.081621E+2
-8.600000E-1	-1.750621E+3
-8.500000E-1	1.336935E+3
-8.400000E-1	1.183956E+3
-8.300000E-1	-2.158565E+3
-8.200000E-1	5.621643E+2
-8.100000E-1	-4.840170E+2
-8.000000E-1	-2.856022E+3
-7.900000E-1	-1.221574E+4
-7.800000E-1	-1.100012E+4
-7.700000E-1	-2.464525E+3
-7.600000E-1	-4.418715E+3
-7.500000E-1	-5.633178E+1
-7.400000E-1	8.220671E+2
-7.300000E-1	-1.082776E+3
-7.200000E-1	-2.273713E+3
-7.100000E-1	-1.057738E+4
-7.000000E-1	-1.007460E+2
-6.900000E-1	8.602640E+3
-6.800000E-1	1.559000E+3
-6.700000E-1	-6.995036E+2
-6.600000E-1	2.893048E+3
-6.500000E-1	1.225605E+4
-6.400000E-1	1.064730E+4
-6.300000E-1	-2.286015E+4
-6.200000E-1	-6.270918E+3
-6.100000E-1	-1.166666E+3
-6.000000E-1	4.253415E+3
-5.900000E-1	4.077406E+3
-5.800000E-1	-5.762631E+3
-5.700000E-1	-5.152359E+3
-5.600000E-1	-3.362663E+3
-5.500000E-1	-3.737710E+3
-5.400000E-1	1.233304E+3
-5.300000E-1	2.685786E+3
-5.200000E-1	1.078219E+4
-5.100000E-1	2.101833E+3
-5.000000E-1	7.783460E+3
-4.900000E-1	8.387153E+3
-4.800000E-1	2.550900E+3
-4.700000E-1	2.562070E+2
-4.600000E-1	-6.279146E+3
-4.500000E-1	3.252943E+2
-4.400000E-1	-2.081255E+3
-4.300000E-1	1.705400E+3
-4.200000E-1	4.516605E+3
-4.100000E-1	2.866727E+3
-4.000000E-1	-6.468656E+2
-3.900000E-1	-2.704687E+3
-3.800000E-1	-4.259157E+3
-3.700000E-1	-1.018588E+4
-3.600000E-1	-5.060243E+3
-3.500000E-1	-1.010396E+3
-3.400000E-1	1.216856E+3
-3.300000E-1	-7.901055E+3
-3.200000E-1	-1.556517E+3
-3.100000E-1	1.083812E+4
-3.000000E-1	5.901320E+2
-2.900000E-1	8.664821E+2
-2.800000E-1	-3.449844E+3
-2.700000E-1	-1.482493E+3
-2.600000E-1	-2.582960E+3
-2.500000E-1	-4.478268E+2
-2.400000E-1	1.091838E+3
-2.300000E-1	-1.538424E+3
-2.200000E-1	-2.656982E+3
-2.100000E-1	-1.036714E+3
-2.000000E-1	1.029331E+3
-1.900000E-1	2.751585E+3
-1.800000E-1	-1.753910E+3
-1.700000E-1	-1.341031E+3
-1.600000E-1	4.908100E+3
-1.500000E-1	6.092458E+3
-1.400000E-1	3.105244E+3
-1.300000E-1	2.991743E+3
-1.200000E-1	5.835475E+2
-1.100000E-1	-4.397627E+4
-1.000000E-1	-2.502819E+4
-9.000000E-2	-1.111856E+4
-8.000000E-2	-3.081384E+3
-7.000000E-2	-1.418736E+2
-6.000000E-2	2.363372E+3
-5.000000E-2	1.524453E+3
-4.000000E-2	3.762840E+2
-3.000000E-2	-1.202858E+3
-2.000000E-2	2.662753E+3
-1.000000E-2	3.592145E+3
-4.099152E-14	1.524454E+3
1.000000E-2	2.893046E+3
2.000000E-2	1.590251E+3
3.000000E-2	3.092084E+3
4.000000E-2	1.525732E+2
5.000000E-2	1.619860E+3
6.000000E-2	5.659837E+3
7.000000E-2	5.523306E+3
8.000000E-2	5.740439E+3
9.000000E-2	4.044505E+3
1.000000E-1	3.177618E+3
1.100000E-1	5.617068E+3
1.200000E-1	2.430817E+3
1.300000E-1	6.398417E+3
1.400000E-1	6.502048E+3
1.500000E-1	2.692364E+3
1.600000E-1	6.855710E+3
1.700000E-1	6.740565E+3
1.800000E-1	6.704377E+3
1.900000E-1	5.299596E+3
2.000000E-1	5.605554E+3
2.100000E-1	4.847236E+3
2.200000E-1	8.224303E+3
2.300000E-1	2.812444E+3
2.400000E-1	7.526845E+3
2.500000E-1	4.483706E+3
2.600000E-1	1.394505E+3
2.700000E-1	4.368559E+3
2.800000E-1	8.049939E+3
2.900000E-1	4.899875E+3
3.000000E-1	3.741837E+3
3.100000E-1	2.763097E+3
3.200000E-1	-2.232588E+3
3.300000E-1	6.666545E+3
3.400000E-1	9.703106E+3
3.500000E-1	6.446123E+3
3.600000E-1	5.153197E+3
3.700000E-1	7.230758E+3
3.800000E-1	1.076080E+4
3.900000E-1	1.043181E+4
4.000000E-1	6.834327E+3
4.100000E-1	1.254685E+3
4.200000E-1	6.536594E+3
4.300000E-1	9.693236E+3
4.400000E-1	9.571511E+3
4.500000E-1	9.250748E+3
4.600000E-1	6.437899E+3
4.700000E-1	8.151929E+3
4.800000E-1	1.071968E+4
4.900000E-1	1.020646E+4
5.000000E-1	1.310978E+4
5.100000E-1	1.097794E+4
5.200000E-1	9.736005E+3
5.300000E-1	1.406549E+4
5.400000E-1	1.272322E+4
5.500000E-1	9.318192E+3
5.600000E-1	8.275299E+3
5.700000E-1	1.026074E+4
5.800000E-1	1.376282E+4
5.900000E-1	1.098452E+4
6.000000E-1	8.795100E+3
6.100000E-1	-1.196274E+3
6.200000E-1	7.972627E+3
6.300000E-1	1.165730E+4
6.400000E-1	1.090720E+4
6.500000E-1	9.313255E+3
6.600000E-1	9.168500E+3
6.700000E-1	1.139082E+4
6.800000E-1	1.122139E+4
6.900000E-1	9.518873E+3
7.000000E-1	1.023442E+4
7.100000E-1	1.494718E+4
7.200000E-1	1.107170E+4
7.300000E-1	9.786997E+3
7.400000E-1	1.176915E+4
7.500000E-1	1.132337E+4
7.600000E-1	1.487645E+4
7.700000E-1	1.172803E+4
7.800000E-1	1.352430E+4
7.900000E-1	1.429578E+4
8.000000E-1	1.073777E+4
8.100000E-1	1.691946E+4
8.200000E-1	1.536006E+4
8.300000E-1	1.350292E+4
8.400000E-1	1.479420E+4
8.500000E-1	1.466754E+4
8.600000E-1	1.508371E+4
8.700000E-1	1.554594E+4
8.800000E-1	1.490770E+4
8.900000E-1	2.012052E+4
9.000000E-1	1.497185E+4
9.100000E-1	1.457871E+4
9.200000E-1	1.486658E+4
9.300000E-1	1.673852E+4
9.400000E-1	1.463464E+4
9.500000E-1	1.617595E+4
9.600000E-1	1.919442E+4
9.700000E-1	1.808737E+4
9.800000E-1	1.428098E+4
9.900000E-1	1.872561E+4
1.000000E+0	2.093312E+4
1.010000E+0	1.801170E+4
1.020000E+0	1.689808E+4
1.030000E+0	2.259287E+4
1.040000E+0	1.961223E+4
1.050000E+0	2.148089E+4
1.060000E+0	1.483039E+4
1.070000E+0	2.205004E+4
1.080000E+0	2.220631E+4
1.090000E+0	2.251884E+4
1.100000E+0	1.969777E+4
1.110000E+0	1.859895E+4
1.120000E+0	1.842623E+4
1.130000E+0	2.131968E+4
1.140000E+0	2.505205E+4
1.150000E+0	1.799855E+4
1.160000E+0	2.240699E+4
1.170000E+0	2.401410E+4
1.180000E+0	2.187238E+4
1.190000E+0	2.344495E+4
1.200000E+0	1.697868E+4
1.210000E+0	1.848216E+4
1.220000E+0	2.154175E+4
1.230000E+0	1.817456E+4
1.240000E+0	1.891314E+4
1.250000E+0	2.076369E+4
1.260000E+0	1.962375E+4
1.270000E+0	2.151543E+4
1.280000E+0	2.351403E+4
1.290000E+0	2.221618E+4
1.300000E+0	1.991819E+4
1.310000E+0	2.208622E+4
1.320000E+0	2.531360E+4
1.330000E+0	1.727971E+4
1.340000E+0	2.538433E+4
1.350000E+0	2.323768E+4
1.360000E+0	2.370484E+4
1.370000E+0	2.136409E+4
1.380000E+0	2.759184E+4
1.390000E+0	2.679076E+4
1.400000E+0	2.681049E+4
1.410000E+0	2.561462E+4
1.420000E+0	2.422465E+4
1.430000E+0	3.020236E+4
1.440000E+0	2.860513E+4
1.450000E+0	2.995233E+4
1.460000E+0	2.903117E+4
1.470000E+0	2.727766E+4
1.480000E+0	2.673154E+4
1.490000E+0	2.821363E+4
1.500000E+0	2.662462E+4
1.510000E+0	2.343343E+4
1.520000E+0	2.753427E+4
1.530000E+0	2.846695E+4
1.540000E+0	2.794057E+4
1.550000E+0	2.935522E+4
1.560000E+0	2.907887E+4
1.570000E+0	2.741254E+4
1.580000E+0	3.081593E+4
1.590000E+0	2.935522E+4
1.600000E+0	3.065966E+4
1.610000E+0	3.113340E+4
1.620000E+0	3.082744E+4
1.630000E+0	3.022375E+4
1.640000E+0	3.327018E+4
1.650000E+0	3.006419E+4
1.660000E+0	3.270267E+4
1.670000E+0	3.407949E+4
1.680000E+0	3.040634E+4
1.690000E+0	3.340177E+4
1.700000E+0	3.341164E+4
1.710000E+0	3.106925E+4
1.720000E+0	3.436242E+4
1.730000E+0	3.558955E+4
1.740000E+0	3.158247E+4
1.750000E+0	3.528852E+4
1.760000E+0	3.372747E+4
1.770000E+0	3.184895E+4
1.780000E+0	3.668508E+4
1.790000E+0	3.420121E+4
1.800000E+0	3.649591E+4
1.810000E+0	4.028585E+4
1.820000E+0	3.391829E+4
1.830000E+0	3.129954E+4
1.840000E+0	3.230460E+4
1.850000E+0	3.638570E+4
1.860000E+0	3.606658E+4
1.870000E+0	3.322083E+4
1.880000E+0	3.720981E+4
1.890000E+0	3.525727E+4
1.900000E+0	3.492170E+4
1.910000E+0	3.837608E+4
1.920000E+0	3.765888E+4
1.930000E+0	3.670811E+4
1.940000E+0	4.114616E+4
1.950000E+0	4.198179E+4
1.960000E+0	3.740885E+4
1.970000E+0	3.802570E+4
1.980000E+0	3.440848E+4
1.990000E+0	3.123703E+4
2.000000E+0	3.515857E+4
2.010000E+0	3.894852E+4
2.020000E+0	4.056714E+4
2.030000E+0	3.969697E+4
2.040000E+0	4.036481E+4
2.050000E+0	4.304606E+4
2.060000E+0	4.736239E+4
2.070000E+0	4.890699E+4
2.080000E+0	4.251639E+4
2.090000E+0	3.809150E+4
2.100000E+0	3.984501E+4
2.110000E+0	3.438545E+4
2.120000E+0	4.134520E+4
2.130000E+0	4.758775E+4
2.140000E+0	4.035165E+4
2.150000E+0	3.944529E+4
2.160000E+0	4.528812E+4
2.170000E+0	4.309377E+4
2.180000E+0	4.374681E+4
2.190000E+0	4.589511E+4
2.200000E+0	4.368266E+4
2.210000E+0	4.512527E+4
2.220000E+0	4.331419E+4
2.230000E+0	3.502369E+4
2.240000E+0	3.913275E+4
2.250000E+0	4.318918E+4
2.260000E+0	4.251310E+4
2.270000E+0	4.561711E+4
2.280000E+0	5.357040E+4
2.290000E+0	4.722257E+4
2.300000E+0	4.418601E+4
2.310000E+0	4.503151E+4
2.320000E+0	4.320069E+4
2.330000E+0	4.645767E+4
2.340000E+0	4.631621E+4
2.350000E+0	4.705478E+4
2.360000E+0	4.681298E+4
2.370000E+0	4.861254E+4
2.380000E+0	4.560230E+4
2.390000E+0	4.656953E+4
2.400000E+0	4.941363E+4
2.410000E+0	4.538353E+4
2.420000E+0	4.908958E+4
2.430000E+0	4.757459E+4
2.440000E+0	4.784436E+4
2.450000E+0	5.208502E+4
2.460000E+0	5.190572E+4
2.470000E+0	5.482055E+4
2.480000E+0	4.857306E+4
2.490000E+0	4.589674E+4
2.500000E+0	5.220839E+4
2.510000E+0	5.012096E+4
2.520000E+0	5.019498E+4
2.530000E+0	5.227583E+4
2.540000E+0	4.751208E+4
2.550000E+0	5.029203E+4
2.560000E+0	4.817006E+4
2.570000E+0	4.712223E+4
2.580000E+0	5.016208E+4
2.590000E+0	5.013412E+4
2.600000E+0	4.912741E+4
2.610000E+0	5.219852E+4
2.620000E+0	5.069997E+4
2.630000E+0	5.026571E+4
2.640000E+0	5.250941E+4
2.650000E+0	5.202580E+4
2.660000E+0	5.252422E+4
2.670000E+0	5.567099E+4
2.680000E+0	5.593747E+4
2.690000E+0	5.605097E+4
2.700000E+0	5.485345E+4
2.710000E+0	5.577955E+4
2.720000E+0	5.729126E+4
2.730000E+0	5.572363E+4
2.740000E+0	5.943461E+4
2.750000E+0	5.551472E+4
2.760000E+0	5.189749E+4
2.770000E+0	5.431556E+4
2.780000E+0	4.292269E+4
2.790000E+0	4.911919E+4
2.800000E+0	5.617928E+4
2.810000E+0	5.501630E+4
2.820000E+0	5.109476E+4
2.830000E+0	5.814005E+4
2.840000E+0	5.491103E+4
2.850000E+0	5.256863E+4
2.860000E+0	5.606906E+4
2.870000E+0	5.907437E+4
2.880000E+0	5.716131E+4
2.890000E+0	5.580916E+4
2.900000E+0	5.661518E+4
2.910000E+0	5.442577E+4
2.920000E+0	5.441261E+4
2.930000E+0	5.776829E+4
2.940000E+0	5.363291E+4
2.950000E+0	5.610196E+4
2.960000E+0	5.735376E+4
2.970000E+0	6.181813E+4
2.980000E+0	5.758899E+4
2.990000E+0	5.975537E+4
3.000000E+0	5.984256E+4
3.010000E+0	5.829796E+4
3.020000E+0	5.895264E+4
3.030000E+0	6.016661E+4
3.040000E+0	6.185926E+4
3.050000E+0	5.714979E+4
3.060000E+0	5.817459E+4
3.070000E+0	5.805451E+4
3.080000E+0	5.921090E+4
3.090000E+0	6.054001E+4
3.100000E+0	6.324430E+4
3.110000E+0	5.818281E+4
3.120000E+0	6.003831E+4
3.130000E+0	6.306335E+4
3.140000E+0	5.840653E+4
3.150000E+0	6.055975E+4
3.160000E+0	5.750345E+4
3.170000E+0	6.173753E+4
3.180000E+0	5.912866E+4
3.190000E+0	6.038868E+4
3.200000E+0	6.057949E+4
3.210000E+0	6.153191E+4
3.220000E+0	5.506072E+4
3.230000E+0	6.053673E+4
3.240000E+0	5.756267E+4
3.250000E+0	5.989355E+4
3.260000E+0	6.333148E+4
3.270000E+0	5.684383E+4
3.280000E+0	6.094960E+4
3.290000E+0	6.549951E+4
3.300000E+0	5.985901E+4
3.310000E+0	5.946258E+4
3.320000E+0	6.557518E+4
3.330000E+0	6.528567E+4
3.340000E+0	6.421810E+4
3.350000E+0	6.809852E+4
3.360000E+0	6.664275E+4
3.370000E+0	6.628579E+4
3.380000E+0	6.505538E+4
3.390000E+0	6.482344E+4
3.400000E+0	6.418849E+4
3.410000E+0	6.193328E+4
3.420000E+0	6.912167E+4
3.430000E+0	6.861997E+4
3.440000E+0	6.691910E+4
3.450000E+0	6.248598E+4
3.460000E+0	6.757049E+4
3.470000E+0	6.708523E+4
3.480000E+0	6.370981E+4
3.490000E+0	6.716583E+4
3.500000E+0	6.922530E+4
3.510000E+0	6.589923E+4
3.520000E+0	6.559491E+4
3.530000E+0	6.702272E+4
3.540000E+0	6.619367E+4
3.550000E+0	6.653417E+4
3.560000E+0	6.864463E+4
3.570000E+0	6.539752E+4
3.580000E+0	6.976649E+4
3.590000E+0	6.811003E+4
3.600000E+0	6.865122E+4
3.610000E+0	6.838638E+4
3.620000E+0	6.686317E+4
3.630000E+0	6.832716E+4
3.640000E+0	7.087518E+4
3.650000E+0	6.782381E+4
3.660000E+0	6.886835E+4
3.670000E+0	6.852949E+4
3.680000E+0	7.032248E+4
3.690000E+0	6.668222E+4
3.700000E+0	7.239510E+4
3.710000E+0	6.898185E+4
3.720000E+0	7.130122E+4
3.730000E+0	6.921872E+4
3.740000E+0	7.037018E+4
3.750000E+0	7.054948E+4
3.760000E+0	6.912825E+4
3.770000E+0	7.104790E+4
3.780000E+0	7.210395E+4
3.790000E+0	7.093275E+4
3.800000E+0	7.182595E+4
3.810000E+0	7.092288E+4
3.820000E+0	7.217139E+4
3.830000E+0	7.098539E+4
3.840000E+0	6.887822E+4
3.850000E+0	7.427527E+4
3.860000E+0	7.454340E+4
3.870000E+0	7.177825E+4
3.880000E+0	6.833045E+4
3.890000E+0	7.366335E+4
3.900000E+0	7.342154E+4
3.910000E+0	7.250860E+4
3.920000E+0	7.355479E+4
3.930000E+0	7.023036E+4
3.940000E+0	7.404004E+4
3.950000E+0	7.432462E+4
3.960000E+0	6.853772E+4
3.970000E+0	7.609458E+4
3.980000E+0	7.405321E+4
3.990000E+0	7.401537E+4
4.000000E+0	7.510926E+4
4.010000E+0	7.307282E+4
4.020000E+0	7.341003E+4
4.030000E+0	7.307611E+4
4.040000E+0	7.586100E+4
4.050000E+0	7.504182E+4
4.060000E+0	7.555997E+4
4.070000E+0	7.314355E+4
4.080000E+0	7.407294E+4
4.090000E+0	7.573269E+4
4.100000E+0	7.738915E+4
4.110000E+0	7.339359E+4
4.120000E+0	7.666866E+4
4.130000E+0	7.419632E+4
4.140000E+0	7.860311E+4
4.150000E+0	7.359262E+4
4.160000E+0	7.724604E+4
4.170000E+0	7.380975E+4
4.180000E+0	7.501879E+4
4.190000E+0	7.459275E+4
4.200000E+0	7.809153E+4
4.210000E+0	7.755693E+4
4.220000E+0	7.939433E+4
4.230000E+0	7.815404E+4
4.240000E+0	7.472105E+4
4.250000E+0	7.988617E+4
4.260000E+0	7.832676E+4
4.270000E+0	7.773459E+4
4.280000E+0	7.813266E+4
4.290000E+0	8.002763E+4
4.300000E+0	7.592679E+4
4.310000E+0	7.999802E+4
4.320000E+0	7.977431E+4
4.330000E+0	7.769017E+4
4.340000E+0	8.065929E+4
4.350000E+0	7.845342E+4
4.360000E+0	7.898145E+4
4.370000E+0	7.605510E+4
4.380000E+0	8.204762E+4
4.390000E+0	7.708483E+4
4.400000E+0	7.948809E+4
4.410000E+0	7.827412E+4
4.420000E+0	8.064284E+4
4.430000E+0	7.763918E+4
4.440000E+0	7.935156E+4
4.450000E+0	7.900448E+4
4.460000E+0	8.339647E+4
4.470000E+0	7.888275E+4
4.480000E+0	7.933511E+4
4.490000E+0	8.195550E+4
4.500000E+0	7.886137E+4
4.510000E+0	8.121692E+4
4.520000E+0	8.120870E+4
4.530000E+0	8.059185E+4
4.540000E+0	7.733322E+4
4.550000E+0	8.422387E+4
4.560000E+0	8.061158E+4
4.570000E+0	8.011481E+4
4.580000E+0	7.972989E+4
4.590000E+0	8.082378E+4
4.600000E+0	7.950454E+4
4.610000E+0	8.135345E+4
4.620000E+0	8.298852E+4
4.630000E+0	8.265954E+4
4.640000E+0	8.398207E+4
4.650000E+0	8.322046E+4
4.660000E+0	8.294576E+4
4.670000E+0	7.888275E+4
4.680000E+0	8.123502E+4
4.690000E+0	8.314151E+4
4.700000E+0	8.212987E+4
4.710000E+0	8.149821E+4
4.720000E+0	8.139951E+4
4.730000E+0	8.588033E+4
4.740000E+0	8.134687E+4
4.750000E+0	8.317276E+4
4.760000E+0	8.544936E+4
4.770000E+0	8.153440E+4
4.780000E+0	8.443607E+4
4.790000E+0	8.073002E+4
4.800000E+0	8.127779E+4
4.810000E+0	8.577835E+4
4.820000E+0	8.625045E+4
4.830000E+0	8.306255E+4
4.840000E+0	8.448377E+4
4.850000E+0	8.526183E+4
4.860000E+0	8.338495E+4
4.870000E+0	8.360538E+4
4.880000E+0	8.684755E+4
4.890000E+0	8.202294E+4
4.900000E+0	8.630637E+4
4.910000E+0	8.657450E+4
4.920000E+0	8.249175E+4
4.930000E+0	8.722096E+4
4.940000E+0	8.338331E+4
4.950000E+0	8.639355E+4
4.960000E+0	8.555957E+4
4.970000E+0	8.724563E+4
4.980000E+0	8.801547E+4
4.990000E+0	8.971305E+4
5.000000E+0	8.648403E+4
5.010000E+0	8.581782E+4
5.020000E+0	8.619123E+4
5.030000E+0	8.496903E+4
5.040000E+0	8.786578E+4
5.050000E+0	8.641658E+4
5.060000E+0	8.677518E+4
5.070000E+0	8.615504E+4
5.080000E+0	8.833458E+4
5.090000E+0	8.587704E+4
5.100000E+0	8.668142E+4
5.110000E+0	8.947946E+4
5.120000E+0	8.990057E+4
5.130000E+0	8.507102E+4
5.140000E+0	8.638039E+4
5.150000E+0	8.756146E+4
5.160000E+0	8.561385E+4
5.170000E+0	8.909290E+4
5.180000E+0	8.653502E+4
5.190000E+0	8.761081E+4
5.200000E+0	8.778517E+4
5.210000E+0	9.193536E+4
5.220000E+0	8.805001E+4
5.230000E+0	8.956171E+4
5.240000E+0	8.953046E+4
5.250000E+0	8.814871E+4
5.260000E+0	8.663536E+4
5.270000E+0	8.575203E+4
5.280000E+0	9.042037E+4
5.290000E+0	8.969331E+4
5.300000E+0	9.048123E+4
5.310000E+0	9.124942E+4
5.320000E+0	8.829840E+4
5.330000E+0	9.114415E+4
5.340000E+0	9.111947E+4
5.350000E+0	9.230876E+4
5.360000E+0	9.204722E+4
5.370000E+0	8.674886E+4
5.380000E+0	8.652515E+4
5.390000E+0	9.004532E+4
5.400000E+0	8.820463E+4
5.410000E+0	9.021804E+4
5.420000E+0	9.067863E+4
5.430000E+0	9.054539E+4
5.440000E+0	9.228245E+4
5.450000E+0	9.325625E+4
5.460000E+0	9.111125E+4
5.470000E+0	9.053716E+4
5.480000E+0	9.266243E+4
5.490000E+0	9.318058E+4
5.500000E+0	9.322335E+4
5.510000E+0	9.024107E+4
5.520000E+0	9.419551E+4
5.530000E+0	8.959461E+4
5.540000E+0	9.526144E+4
5.550000E+0	9.468406E+4
5.560000E+0	9.468571E+4
5.570000E+0	9.117211E+4
5.580000E+0	8.955513E+4
5.590000E+0	9.325460E+4
5.600000E+0	9.408694E+4
5.610000E+0	9.135963E+4
5.620000E+0	9.611680E+4
5.630000E+0	9.532065E+4
5.640000E+0	9.084312E+4
5.650000E+0	9.282527E+4
5.660000E+0	9.383527E+4
5.670000E+0	9.593751E+4
5.680000E+0	9.571544E+4
5.690000E+0	9.492587E+4
5.700000E+0	9.668924E+4
5.710000E+0	9.746072E+4
5.720000E+0	9.391752E+4
5.730000E+0	9.644579E+4
5.740000E+0	9.364281E+4
5.750000E+0	9.380566E+4
5.760000E+0	9.570886E+4
5.770000E+0	9.606417E+4
5.780000E+0	9.656094E+4
5.790000E+0	9.711035E+4
5.800000E+0	9.505746E+4
5.810000E+0	9.300293E+4
5.820000E+0	9.501469E+4
5.830000E+0	9.348161E+4
5.840000E+0	9.706100E+4
5.850000E+0	9.477289E+4
5.860000E+0	9.719095E+4
5.870000E+0	9.504924E+4
5.880000E+0	9.617602E+4
5.890000E+0	9.665306E+4
5.900000E+0	9.780287E+4
5.910000E+0	9.984260E+4
5.920000E+0	9.501469E+4
5.930000E+0	9.506239E+4
5.940000E+0	9.717779E+4
5.950000E+0	9.647211E+4
5.960000E+0	9.825851E+4
5.970000E+0	9.549172E+4
5.980000E+0	9.773378E+4
5.990000E+0	9.796407E+4
6.000000E+0	9.756106E+4
6.010000E+0	1.003114E+5
6.020000E+0	9.659219E+4
6.030000E+0	9.753803E+4
6.040000E+0	9.634545E+4
6.050000E+0	9.877667E+4
6.060000E+0	9.671063E+4
6.070000E+0	9.900039E+4
6.080000E+0	1.007407E+5
6.090000E+0	9.733900E+4
6.100000E+0	1.019234E+5
6.110000E+0	9.658890E+4
6.120000E+0	9.948071E+4
6.130000E+0	9.914843E+4
6.140000E+0	9.876351E+4
6.150000E+0	1.008674E+5
6.160000E+0	9.888688E+4
6.170000E+0	9.610364E+4
6.180000E+0	9.905467E+4
6.190000E+0	1.008032E+5
6.200000E+0	1.036950E+5
6.210000E+0	1.016570E+5
6.220000E+0	9.774530E+4
6.230000E+0	1.026225E+5
6.240000E+0	9.963698E+4
6.250000E+0	9.882602E+4
6.260000E+0	1.000416E+5
6.270000E+0	1.011503E+5
6.280000E+0	1.027212E+5
6.290000E+0	1.012309E+5
6.300000E+0	9.671885E+4
6.310000E+0	9.713996E+4
6.320000E+0	1.021883E+5
6.330000E+0	1.027525E+5
6.340000E+0	1.008164E+5
6.350000E+0	9.817298E+4
6.360000E+0	1.026522E+5
6.370000E+0	9.930141E+4
6.380000E+0	1.035996E+5
6.390000E+0	1.011914E+5
6.400000E+0	1.020501E+5
6.410000E+0	1.053137E+5
6.420000E+0	1.041622E+5
6.430000E+0	1.048547E+5
6.440000E+0	1.020386E+5
6.450000E+0	1.009480E+5
6.460000E+0	1.002456E+5
6.470000E+0	1.054864E+5
6.480000E+0	1.043448E+5
6.490000E+0	1.017326E+5
6.500000E+0	1.065276E+5
6.510000E+0	1.034828E+5
6.520000E+0	1.000400E+5
6.530000E+0	1.050686E+5
6.540000E+0	1.034730E+5
6.550000E+0	1.041211E+5
6.560000E+0	1.005861E+5
6.570000E+0	1.052216E+5
6.580000E+0	1.038990E+5
6.590000E+0	1.046031E+5
6.600000E+0	1.040619E+5
6.610000E+0	1.048333E+5
6.620000E+0	1.032345E+5
6.630000E+0	1.071313E+5
6.640000E+0	1.037345E+5
6.650000E+0	1.055538E+5
6.660000E+0	1.047050E+5
6.670000E+0	1.043662E+5
6.680000E+0	1.051640E+5
6.690000E+0	1.075491E+5
6.700000E+0	1.073073E+5
6.710000E+0	1.050110E+5
6.720000E+0	1.066790E+5
6.730000E+0	1.076857E+5
6.740000E+0	1.050340E+5
6.750000E+0	1.055851E+5
6.760000E+0	1.055670E+5
6.770000E+0	1.070491E+5
6.780000E+0	1.079966E+5
6.790000E+0	1.047495E+5
6.800000E+0	1.054074E+5
6.810000E+0	1.108324E+5
6.820000E+0	1.070507E+5
6.830000E+0	1.099606E+5
6.840000E+0	1.089358E+5
6.850000E+0	1.068073E+5
6.860000E+0	1.074044E+5
6.870000E+0	1.092681E+5
6.880000E+0	1.077021E+5
6.890000E+0	1.048613E+5
6.900000E+0	1.047544E+5
6.910000E+0	1.095593E+5
6.920000E+0	1.067744E+5
6.930000E+0	1.073386E+5
6.940000E+0	1.057019E+5
6.950000E+0	1.108259E+5
6.960000E+0	1.068287E+5
6.970000E+0	1.042017E+5
6.980000E+0	1.099294E+5
6.990000E+0	1.069306E+5
7.000000E+0	1.079966E+5
7.010000E+0	1.102074E+5
7.020000E+0	1.081989E+5
7.030000E+0	1.069718E+5
7.040000E+0	1.125251E+5
7.050000E+0	1.043925E+5
7.060000E+0	1.055769E+5
7.070000E+0	1.093865E+5
7.080000E+0	1.114164E+5
7.090000E+0	1.078864E+5
7.100000E+0	1.087368E+5
7.110000E+0	1.103307E+5
7.120000E+0	1.092105E+5
7.130000E+0	1.128985E+5
7.140000E+0	1.106433E+5
7.150000E+0	1.089885E+5
7.160000E+0	1.129067E+5
7.170000E+0	1.099491E+5
7.180000E+0	1.117026E+5
7.190000E+0	1.140582E+5
7.200000E+0	1.099573E+5
7.210000E+0	1.085213E+5
7.220000E+0	1.137177E+5
7.230000E+0	1.139003E+5
7.240000E+0	1.090477E+5
7.250000E+0	1.148428E+5
7.260000E+0	1.093207E+5
7.270000E+0	1.121402E+5
7.280000E+0	1.106745E+5
7.290000E+0	1.129199E+5
7.300000E+0	1.149876E+5
7.310000E+0	1.107403E+5
7.320000E+0	1.118803E+5
7.330000E+0	1.145023E+5
7.340000E+0	1.133739E+5
7.350000E+0	1.106449E+5
7.360000E+0	1.144612E+5
7.370000E+0	1.149168E+5
7.380000E+0	1.098570E+5
7.390000E+0	1.137243E+5
7.400000E+0	1.102534E+5
7.410000E+0	1.120234E+5
7.420000E+0	1.097715E+5
7.430000E+0	1.122405E+5
7.440000E+0	1.105857E+5
7.450000E+0	1.127077E+5
7.460000E+0	1.151702E+5
7.470000E+0	1.103653E+5
7.480000E+0	1.106877E+5
7.490000E+0	1.156225E+5
7.500000E+0	1.129906E+5
7.510000E+0	1.165914E+5
7.520000E+0	1.133311E+5
7.530000E+0	1.144316E+5
7.540000E+0	1.135318E+5
7.550000E+0	1.091595E+5
7.560000E+0	1.113950E+5
7.570000E+0	1.141306E+5
7.580000E+0	1.127932E+5
7.590000E+0	1.098817E+5
7.600000E+0	1.151373E+5
7.610000E+0	1.109196E+5
7.620000E+0	1.131781E+5
7.630000E+0	1.177478E+5
7.640000E+0	1.169319E+5
7.650000E+0	1.119905E+5
7.660000E+0	1.148329E+5
7.670000E+0	1.149070E+5
7.680000E+0	1.165174E+5
7.690000E+0	1.144266E+5
7.700000E+0	1.180751E+5
7.710000E+0	1.144727E+5
7.720000E+0	1.146767E+5
7.730000E+0	1.150863E+5
7.740000E+0	1.172494E+5
7.750000E+0	1.167213E+5
7.760000E+0	1.221513E+5
7.770000E+0	1.160107E+5
7.780000E+0	1.185982E+5
7.790000E+0	1.178744E+5
7.800000E+0	1.160519E+5
7.810000E+0	1.170059E+5
7.820000E+0	1.176293E+5
7.830000E+0	1.184897E+5
7.840000E+0	1.152870E+5
7.850000E+0	1.158380E+5
7.860000E+0	1.172148E+5
7.870000E+0	1.157640E+5
7.880000E+0	1.192776E+5
7.890000E+0	1.182363E+5
7.900000E+0	1.145500E+5
7.910000E+0	1.208584E+5
7.920000E+0	1.211890E+5
7.930000E+0	1.203172E+5
7.940000E+0	1.211890E+5
7.950000E+0	1.153149E+5
7.960000E+0	1.158660E+5
7.970000E+0	1.160222E+5
7.980000E+0	1.158577E+5
7.990000E+0	1.152179E+5
8.000000E+0	1.186755E+5
